64
127 292
92322 12011 58891 38952 22991 22452 15734 87523 88894 76223 1486 75844 10801 52734 70845 65042 88687 95702 70843 53893 42979 50283 12500 26849 54368 85618 30680 51537 17907 66782 3497 83399 7005 65551 43873 34845 61212 51581 48532 7247 75999 77206 19383 39400 92756 54010 66867 76083 4432 28055 96816 57924 64714 73022 999 57544 37223 5853 7470 81208 56716 35053 87604 31370 69975 78903 98936 51927 36229 55898 83815 38606 74177 44642 67596 17556 27832 88279 23480 63417 16414 11109 19417 30723 32905 7554 9610 66580 89376 80160 67311 60377 92192 58028 46364 17163 29485 42445 77608 24604 76862 64761 20962 40091 37601 45139 89204 49845 59103 77658 24293 52156 968 93290 18674 38339 40608 4381 79519 55023 22911 13065 15749 43457 34384 35728 97433 43617 39885 20600 73913 41181 2709 22402 27281 49961 30664 81058 28970 32287 73617 43204 90194 24766 97721 53756 51287 82714 5110 32538 25460 38204 88423 97167 90450 27228 33562 77641 44704 7798 65398 82253 48009 82125 35483 7509 4318 42100 34109 98645 28167 82448 74876 1226 64926 67137 62904 36421 41576 93166 54702 44872 337 94961 64783 97876 84786 79666 98236 5374 94208 85308 17705 82742 34037 89848 98589 1373 52958 16435 59384 20870 28222 85612 30480 54267 10697 69669 93588 47819 25377 45340 18450 17253 88983 62530 39347 68646 75072 98119 29973 34587 79473 2887 67631 40008 26674 8973 44984 86201 93241 90279 86924 74751 42352 29869 73875 32102 32485 20633 33977 83338 51461 21962 20979 8839 33674 89546 38705 58321 95581 94703 86120 76335 19144 39963 79261 44636 98231 93006 59773 69996 2677 99147 74923 15488 9961 26769 11456 93441 22265 97572 69426 89793 38712 5056 1860 1608 1266 9987 81407 73254 21083 19631 81760 50207 39984 36012 9734 77407 42622 70296 
283 142
31754 5317 15575 76912 54681 67029 53727 76287 67711 25789 2425 69137 82885 29788 98415 52861 44116 33978 57900 95840 9988 34197 65211 91762 39257 29205 76856 5350 56784 46940 989 74604 44365 48792 80811 5018 54360 19379 70665 97401 2054 54371 28125 69049 46343 3171 48268 94626 37034 75171 27952 38619 35504 43699 83975 81952 42693 66669 84984 502 70139 90689 89134 53167 30093 76427 89744 11618 91679 40763 2956 83391 56057 2372 78719 44661 35968 71073 40869 26662 94783 84571 57106 97614 9699 31599 43300 90631 77682 77085 49819 86611 46388 64346 28538 54642 74114 28271 67494 73449 55215 17444 98393 24694 8332 84218 72532 45020 78827 21300 28644 245 5463 3191 74996 49185 40364 7158 78232 38510 52175 74852 74909 6332 83541 63200 13939 92266 20414 44456 62214 26734 1593 45168 37960 77121 22855 95153 4019 16938 80895 31511 
602 174
15550 69364 63011 17387 87189 75939 14932 90748 85484 36501 75429 12166 30426 73950 88461 97434 77427 65637 93832 61389 94172 63771 23417 17610 2260 43991 15858 10745 88856 54700 4872 84258 88739 36168 98352 56331 54410 42378 43645 94920 75515 20347 79835 6387 59266 21240 21673 3788 43331 50611 73206 24072 6074 45824 26052 71998 88512 51658 64194 30370 83262 7842 96138 90433 77513 71518 27285 78680 34878 37305 62851 81286 51856 37805 84370 95251 48377 77360 13815 75527 87183 79191 98340 43859 88926 60800 24819 68169 34288 65747 43277 28556 86161 50120 70857 71367 18259 47178 14429 93101 89008 73109 88371 25010 754 27573 12171 27957 19808 35234 18890 6077 13262 94369 88753 42259 91696 58980 22939 76400 26320 88273 3130 75468 27854 44376 16390 85096 59051 48813 28297 79826 91207 13735 19999 77060 94066 457 93260 52402 52666 85524 12293 20639 1194 64892 28339 73508 62810 10126 57686 39292 92634 86615 11490 37015 64336 85206 79934 61781 31341 10423 66772 77609 36854 18701 33625 33634 43037 32916 38155 75555 96204 96635 
466 328
90184 82386 96883 26054 97793 99743 5996 53641 7458 96573 82273 60019 24280 64252 35830 16246 57744 30477 29335 75741 8552 83620 90305 12493 42356 79325 51001 96656 23172 85630 51947 73483 83461 44384 32475 74395 74556 89002 15661 32487 10026 25581 69842 11309 25850 89540 4048 76 18581 60562 94426 72092 53686 60901 36330 73683 12304 51610 45939 66093 3496 26224 89911 78271 31218 93137 40953 65855 14627 86664 53269 18932 19394 34354 40513 59723 53610 75563 84457 72506 57304 69212 67346 49680 47909 36138 18876 96739 78329 20998 21863 61006 2026 30906 66118 83990 68663 11319 13640 7678 1578 89485 7826 24853 76388 70967 26234 6489 16848 37797 86972 20028 68182 85110 76933 24246 24352 51485 73885 32992 17200 87352 70991 97863 37629 57361 73883 72340 15220 97419 54821 47825 42024 58855 69193 18616 97303 70844 91389 63528 41615 16722 774 1751 74176 23163 9109 48064 24132 37181 8660 243 45669 19164 1114 32134 4349 76276 54081 56385 91385 83291 26584 34008 83324 1552 27463 32383 65759 25476 34491 43231 37836 19646 64420 75200 48379 81929 88256 90900 85108 89472 30299 48870 85886 61388 82589 56443 3825 12757 499 27187 15730 16754 88589 37632 43972 73716 16822 14938 39608 6862 60216 21960 30797 26107 50162 54695 14315 49163 4471 14367 39719 39971 81021 69614 23388 91275 89632 59341 55427 74598 87436 97844 33339 41578 23484 19858 9671 31275 33626 68368 95130 58473 83394 59348 43641 72483 62265 13456 58812 59246 66679 52386 15786 52660 89960 33048 41817 69881 9894 48133 74762 76506 15559 54487 88232 6608 70791 76980 56555 51035 69598 90212 84443 64211 7131 59087 2329 19400 70671 77137 65068 41589 37506 93468 47284 8828 83699 94412 43825 36626 79901 86046 60455 50601 96084 8318 98477 41416 62305 76876 77194 28505 32401 34806 49332 38317 7065 29220 15011 4848 33666 11964 46745 57015 86105 8785 60101 19607 65134 57265 61669 99155 39723 68032 94751 62366 23729 19154 74452 66544 5001 83499 41138 17089 90887 83619 
389 286
92205 87322 42645 87814 72147 25255 12157 9305 68097 91848 34847 87297 61022 8248 20564 37376 89165 26061 67521 86991 64684 18143 48810 88566 86830 65062 37416 68494 92053 11266 63515 16690 83319 14503 6449 11858 96174 28160 74624 52119 39634 18094 75956 23923 2620 86513 14158 97257 77010 27872 93459 79587 2077 92492 97959 61561 90691 25469 64730 18501 4167 88382 8533 60887 16890 3894 45500 21170 69477 39813 97274 66215 99652 16473 1571 69169 60193 53114 71005 24415 3466 68019 32457 31595 2214 45436 45754 17094 58406 98975 32274 95030 17585 59237 15286 16532 73491 30521 16282 81185 31503 60345 57381 89220 55620 31206 68312 76727 61165 34588 41389 20323 88246 53980 34022 67409 65038 57260 4070 88175 96558 12745 89553 76274 17743 51009 65407 96225 54545 67330 29745 24939 45697 59096 72350 16509 46429 31779 17480 41356 72223 98928 15039 79688 18336 63726 46421 14331 28100 2922 12899 16800 13400 69192 49950 79926 60502 76067 42376 43206 16828 86180 93920 25647 59227 69514 57441 27243 99428 3545 22990 76694 98629 47472 72335 28196 63069 6116 60964 30348 52174 57866 19760 10973 97362 36271 61269 29899 85471 60409 65680 16126 91429 56900 65146 71098 7015 51277 32620 7357 33221 55578 59836 65321 93560 22866 75124 87367 65687 97728 95852 29680 18459 71963 88804 30008 21117 83850 63706 55129 22743 15448 67600 27799 33953 32531 41345 62073 29814 93319 31502 52124 67740 97270 51334 31680 16373 85601 4150 51275 33294 73381 75814 77523 8171 47946 48445 92955 24544 3066 25810 5521 21343 55662 56814 38930 76298 13785 11303 44502 9472 81213 75425 63486 9591 9770 69233 6825 64237 83427 21034 65110 20389 40583 24279 64238 68856 2347 88482 88515 88481 91651 77354 66231 43870 11410 
932 110
84578 61995 96092 16418 3157 94058 73444 3432 96171 86360 80266 19132 8548 5655 27234 28263 86053 28011 67781 16637 31099 86592 6733 45068 49393 47088 66818 23870 2625 14943 42844 94300 73102 79221 96347 90294 67901 49251 95566 22458 55507 46152 52003 85069 6062 57041 3870 16585 91032 92149 87448 89579 22254 92107 68660 60307 65894 35731 25060 65241 79210 83880 21496 87055 9635 32637 48105 1591 58270 23431 31196 78371 52423 11598 5427 95639 1784 17148 32568 81914 6191 52139 270 80263 12012 86721 8294 1122 54528 47969 90169 9499 6594 20101 74517 66683 34151 76979 62885 52903 67545 65260 24234 19695 98852 63305 92695 31660 84805 33352 
284 272
44325 32108 592 9712 54892 38866 67585 28920 27024 58208 50385 18556 92924 96165 12677 54480 14036 45298 28051 41274 66120 67930 95405 42988 6279 6444 21967 95842 13925 63448 10246 51029 53628 74854 17526 69541 67713 96527 68857 95515 80805 57404 84547 70380 62221 60625 4179 27248 56522 99738 38402 73709 86505 7671 20239 8037 16359 62225 35109 29536 17933 48715 99038 44936 96584 51801 11687 82086 39306 29323 78728 2989 33691 54769 18248 12371 41757 70478 98035 56605 75142 49184 79415 34571 10111 61412 95041 99307 17974 72250 33811 89660 71879 29595 50505 30756 53310 49601 72491 19470 17879 71454 80011 8297 34238 69605 47722 46768 82095 50551 51220 53371 85288 87349 77163 67177 48892 93991 27309 54541 14621 37892 77688 94890 19308 56324 37156 2532 84597 84660 72592 79357 32940 53490 47935 15599 85583 16596 3004 11273 2119 33360 60181 95510 34342 38492 40543 69238 16466 33141 67975 98748 78644 14342 90303 74495 88947 48569 48651 26365 38895 92448 78299 68417 77071 29969 63478 41039 61848 68061 46117 42137 76961 79114 48936 20452 83958 23193 36391 5987 51325 2361 33853 34541 55460 82415 67324 73633 36828 80248 82789 47985 13263 99675 14107 658 68395 72688 90241 28986 4593 3761 95944 47326 82168 49854 98097 57089 67608 82796 14140 37645 52030 56575 9634 26226 47184 87959 94362 74376 62559 87353 38336 95252 60956 50775 98947 34377 67178 50209 12219 60337 36292 56284 9596 49209 75598 12277 14791 45583 80421 82757 86897 42165 9835 94276 84736 76207 60457 92643 30625 96192 12765 11399 44571 94474 28344 85774 39397 88579 4242 96829 27768 36758 94834 82741 87267 42228 87024 55083 26876 39215 
603 86
65869 29599 11613 59150 57301 2798 84529 46418 83159 89713 18386 43115 98439 91341 85637 95917 25034 52303 46545 1524 77684 53447 777 87971 18400 42291 70830 17083 92344 47616 47689 77289 40475 84894 72167 25065 51780 26785 21039 21584 67465 68201 5158 46841 26391 26771 30235 45426 33556 76836 15428 52673 30322 90640 27336 40085 67353 42838 75790 65856 90798 62804 24967 78603 21534 7391 90886 70036 48221 30436 38720 66087 77602 285 98397 80123 69990 79489 59548 53108 49804 44756 88430 2919 64462 13607 
693 390
60467 30684 41089 94340 81102 12319 53365 12266 30795 48289 43615 52832 67337 17224 56918 91042 30820 5360 60175 65521 80884 11211 23668 83731 34691 33369 66512 82260 82467 52773 86853 70560 76155 66330 98906 57020 14043 75524 85915 53292 58633 2504 61414 87503 62239 60327 61447 71761 6590 5787 1205 55327 96462 20824 89511 74155 15965 58080 11274 58046 66064 67235 37676 9009 8238 99576 68154 49212 14917 85744 20583 20757 10722 89362 38194 9606 27815 74536 72048 2796 65292 13155 34439 60682 56867 23252 49179 47203 85163 50796 20687 76111 93992 69297 70382 4160 42924 41444 63838 77227 24881 30026 6518 76471 82690 85916 45681 96339 84453 48721 8933 59543 86304 2650 26980 94565 50769 83832 21018 75338 39707 21390 71666 36720 1246 19985 97042 41753 93993 55158 43868 93094 90534 14183 45726 5134 21524 51919 78558 72883 67797 90395 94630 76591 94293 37323 66184 2895 15291 2619 41732 86937 73751 77930 95614 52931 91232 63010 84807 72987 4095 41211 84380 88479 41661 72888 77546 72433 20907 74403 15082 83826 81012 22073 93822 22224 97329 89166 39065 95671 50351 16791 12187 69566 88038 96004 24454 39419 33305 69646 24595 22021 78385 7741 9794 47074 26042 87679 71702 35326 4627 71703 30803 82295 63193 21749 91391 72546 52336 92531 91509 62891 10684 15970 89795 36752 3103 89259 21965 1547 64113 88959 22705 17982 99984 30376 34799 3 19076 81746 92064 64537 63543 35033 56789 73636 59026 4787 10318 91756 99001 2962 96365 18669 2017 49392 67840 25173 2945 72961 43430 36504 85955 40387 4943 15588 60186 88868 98654 1602 83094 29280 69547 77815 2482 29124 16018 52255 56250 84446 19289 89680 50899 45873 24911 78467 87953 39916 17600 57813 90598 57948 37545 79860 72858 14217 58416 72881 71757 75027 95531 54779 72509 23537 448 67027 62231 55901 94205 14419 19577 14023 52409 78753 25852 7428 3426 12018 51237 34453 30474 70525 8736 23528 38934 22712 45538 86424 60953 55840 91752 52950 54087 26917 65941 41451 20791 83596 46750 32545 50122 98717 98088 5604 28242 76728 9647 84646 81962 75126 76331 49138 86130 41106 2341 31288 96713 48924 29034 77294 8475 69485 55975 89817 64557 90337 4712 50052 17455 36534 8897 96585 14264 4146 3185 50372 71076 34750 18381 44181 22886 51340 46265 98012 2674 93758 81157 54616 73181 65173 12401 92811 8073 51559 54329 31854 65942 87611 39953 14494 
244 80
92358 34616 90852 95105 76722 10571 39943 86454 43478 73588 10149 28604 10455 5534 80560 9016 92069 16841 1605 6885 90247 4560 95162 59381 72792 76576 25431 6832 43746 63426 56542 5621 91735 34763 79111 81887 33794 60695 16431 24692 43589 18264 90713 94192 6509 37429 23520 77904 98481 18671 62140 49056 23887 98744 42618 94185 32869 88577 42733 8005 16263 5108 35643 89525 62732 4680 22378 87508 4059 49241 42749 87648 62036 16823 63297 81908 53465 49644 41494 46246 
505 262
15780 67832 33121 33501 90938 55833 93382 2670 70490 45980 21682 75368 92781 89117 77585 65567 41111 69677 19729 56688 67152 96082 16216 50646 53314 2492 53812 72379 40984 96667 4714 84615 75454 52401 6393 35319 54536 16186 26811 49401 88462 14783 70259 17419 74237 41653 45983 70631 21844 2614 8967 99187 99585 73062 87945 50215 36444 86060 2330 18698 3053 69115 26931 45474 96768 9424 1320 5453 44599 55690 8942 7328 52994 54950 86153 47714 53924 86754 96136 65634 85490 13289 93575 34221 53550 58079 24273 79634 24906 41807 13200 89115 34455 4402 2815 54052 57084 65386 9360 34293 66193 87355 42506 74044 90486 56167 62827 44419 85797 87951 84718 87092 16519 72292 21141 85581 84657 57088 59600 78065 96515 64353 16439 94416 24129 77612 57342 2849 97070 46615 63642 58333 62607 5342 58700 18432 92619 92971 95955 84523 90884 55029 22750 93535 67835 95361 23730 50934 65752 99013 17412 40304 56903 20211 67712 72435 76879 81285 30122 39871 92226 26929 74945 4440 84768 86315 33402 64617 36015 83745 63285 43140 6497 31321 41208 23432 34446 10614 35265 3365 21808 30768 23058 13340 79578 61527 57966 13912 65087 82478 64197 15454 7139 3373 61147 41275 51940 38087 81748 80085 74392 31575 75233 42906 60032 99987 58088 65981 33890 95416 38211 75566 70165 62086 95103 76248 52387 89521 48918 47640 56694 30450 24868 68388 48338 94036 74414 11125 61532 49364 64339 36232 6632 32893 41129 95455 58780 69445 49204 27852 95526 47211 1262 30482 5934 53830 93244 7408 54229 11600 44911 20340 17315 46514 36323 57237 4000 43298 29503 35468 80785 85013 
780 74
13284 47334 47418 67987 15085 45814 45022 34852 25383 96373 83805 60365 1710 81803 20515 85477 83740 90277 84312 63931 74716 18003 68550 91597 93905 338 84314 23293 51436 68551 4842 86896 52636 26290 54911 59498 49973 27746 61217 62778 61761 22901 21168 95941 31482 86920 90327 1151 48724 46869 89986 18413 92422 23586 50423 97540 83238 55175 12473 23084 38276 41238 57681 78238 55885 99314 27731 44202 97509 53065 71956 67786 60807 79034 
348 6
23556 65412 88769 75380 94639 39007 
82 380
74817 94427 98639 9965 43543 92751 35839 70156 57275 20668 1848 86280 73030 88665 76430 53781 31520 57333 76268 59437 91410 3189 6420 82204 73714 24571 67820 70907 63804 1458 43642 32539 50222 77083 81450 62171 36917 55938 89648 23378 84857 34537 21998 81552 39969 13367 91355 78104 74244 18699 1282 33418 70707 7123 10262 85113 84319 31292 33823 19761 84501 53094 88255 62979 54485 74592 11370 14165 11496 29433 31834 83871 58566 45634 11064 90216 79053 9080 57226 91552 57780 27270 71738 65730 82392 55803 77399 22409 59459 45284 15908 87737 93366 59643 14854 39591 86971 97380 33262 45565 8159 43685 17160 6773 73346 71343 31055 71111 37464 87438 63801 10802 76343 38835 11287 53693 87595 38877 91349 85604 83151 7062 51603 21316 13241 38401 7745 42615 87146 41626 61079 80749 97857 32711 94922 71516 32256 63230 41916 83224 2363 42102 32000 77823 13668 5634 37020 63764 56612 51149 1755 90857 42097 10486 9480 8556 56149 8716 87698 27365 36712 87030 1694 76540 55436 35704 11552 90555 48819 28888 96783 67293 19244 28038 18759 23527 83672 14186 42883 37650 70782 58645 94592 26100 20649 7603 78772 33982 4811 3098 73887 15931 2136 39365 23354 48093 43688 31458 73144 36427 27774 89359 38241 30121 90032 31909 49339 94666 8114 34115 85053 46226 84837 48054 75359 70264 31098 28436 28549 99517 89498 10902 46996 28579 2607 85590 46125 46589 53147 72312 45126 56273 44155 68990 34938 63871 69359 66429 64504 3508 41792 27492 24855 50504 2514 93706 14908 13424 44931 45003 31895 60864 86124 97236 44011 836 10548 30407 43544 85599 26947 95887 49814 41692 71420 91375 36435 40816 93071 9238 62508 70739 48256 68773 13523 28609 15318 98252 90210 32501 1037 61591 61592 49837 81424 62996 88847 11321 70727 40032 29917 32118 85070 73204 14835 29438 79158 90787 82599 88018 90162 20844 87527 16933 52122 62994 91118 62070 51045 45336 23375 25592 3163 94165 28335 59153 60523 90344 23793 89131 79320 92737 50031 76170 94805 50033 280 39593 66762 37654 18621 99715 93949 78828 3857 51180 54537 39261 93722 79367 96280 75095 83570 9879 17097 21283 80101 59519 37825 5398 60859 19612 51388 42879 55595 93607 10755 60826 13010 48969 2993 67682 32971 64832 75459 6239 50395 31704 99358 82527 10465 63589 81613 60501 44476 8173 64619 39085 21839 18974 
834 138
32846 31631 20442 10288 33882 87233 77505 16080 38463 17476 52563 60305 54841 31424 47408 42367 43070 80737 3032 82943 28962 87833 50757 41755 63265 93825 29840 24689 50021 48349 89805 44237 93618 20105 56003 75785 77552 70464 15299 26770 51476 6555 76646 49196 48316 78069 2477 27587 34950 78969 33969 25973 41375 90959 9317 36133 10676 21282 59649 39848 32279 81095 97806 42586 80476 16882 12795 60716 17250 73518 70506 2434 91944 55383 16650 2605 18732 80308 71317 48900 54429 93641 47812 83188 42276 45460 3221 14640 13787 79571 60749 84713 13163 54546 57932 44391 39325 79012 780 20492 27065 74760 23705 94462 87348 80330 89007 60658 20815 78203 72886 80089 71546 99255 6677 73492 50881 62417 13279 49479 55631 49309 6430 16383 49501 85428 85162 86695 95448 37088 61655 39220 97597 26938 38540 84421 7421 71175 
923 52
68692 33393 85922 16460 60255 1063 51011 32761 58143 75331 65576 45917 39113 83171 63867 52713 94954 58213 47071 2230 79187 74143 28761 37103 85961 7288 9276 54413 6307 51518 7665 32612 7206 18767 72115 78096 80307 38870 51280 69111 83574 65397 78857 17607 9035 32077 41445 98959 73531 39975 4325 28463 
148 82
75777 37681 72800 23857 38323 34556 85029 56469 27888 84813 51049 11430 29987 67500 96750 64096 28149 45936 7498 66539 31867 75111 25336 71505 20701 56052 52664 44211 30941 35887 71477 90047 90796 89308 12544 96193 61618 25001 29197 23261 22141 54937 68383 75463 13164 46213 60762 1935 34545 19418 89518 6401 49545 16930 62543 87213 36213 14636 72012 31397 80914 34561 65333 23737 83168 52560 84015 29089 33458 97298 16065 493 15112 13667 74457 73026 56947 49177 20614 11380 26487 94224 
267 318
72857 95675 82414 13338 11117 96306 47553 57843 3922 83976 84259 54035 10681 79795 52422 36043 86311 58379 2222 17584 97906 12202 13307 9659 6235 20142 73582 33652 83257 99918 38499 24705 76193 8063 44005 53298 79457 69839 34051 37384 42607 99106 57570 15362 62092 69294 1774 22610 69870 48634 22546 60531 83932 26871 66828 76289 48658 23123 93070 91491 40441 11900 25617 95261 22608 71781 42214 76136 58082 14572 62252 96772 34836 63715 59715 9875 24354 25645 22717 23838 81241 67394 45237 65109 3211 26420 857 75635 14846 39462 11593 16835 64347 18586 95522 99989 14198 57605 55670 44954 62373 51742 14136 7220 28969 23114 838 98264 91418 25182 84899 27556 80151 18965 54765 16894 49082 90054 64872 58363 57853 48248 14000 83690 81050 99541 98535 3703 65314 13649 57816 84033 73960 23790 72290 63164 32521 81167 8891 40114 42237 95567 98850 86737 13080 51370 86383 40591 79704 26833 45792 17064 55121 8888 42864 89006 41031 74968 43278 25149 21501 75208 64972 47343 72126 7869 59790 65912 51713 92010 67922 83828 66601 12377 78097 44445 73474 48973 40877 39937 97479 80764 24794 58017 50030 63042 11884 76824 29162 91871 91430 23873 51087 68492 24666 36289 64321 67955 71142 635 23176 52019 80818 15662 62282 37880 26625 3482 12173 46441 80278 22958 57865 57812 7713 10677 57950 3729 61477 28731 57476 90454 90518 40059 37191 89556 68106 70505 49560 96737 53768 5432 71481 84155 14635 83490 54021 18372 11297 173 10415 44340 43327 49475 38460 20321 23558 89661 25662 95294 33281 81579 16219 13676 21230 45084 38146 45903 40795 35415 64271 28188 52263 75967 50442 95740 50765 87660 94167 68012 98144 8205 6221 81190 95530 53787 58150 7078 58555 13943 58124 90136 68734 25192 58037 63361 72597 30777 21604 56800 31514 81791 45083 50437 95689 96887 5580 9728 79541 6869 79638 12341 22135 24261 9059 83169 47925 71593 8663 46774 79101 59848 67212 70396 41867 41949 36869 96307 
302 20
52394 69895 94669 9385 98958 75955 16770 73065 38265 43652 60886 70873 48488 32495 62927 84216 55654 96949 18191 89952 
742 118
3116 48188 20943 24869 9003 14230 4068 40648 61710 23898 26164 40419 17694 85305 27435 18857 1982 92490 48908 10038 55471 5460 40878 84154 70164 24193 64816 46448 33177 87474 71754 72022 35373 64427 14029 267 32071 63864 30526 60754 45992 77892 29074 17181 39794 74169 40721 37008 94525 3481 85547 20367 54208 4462 14317 10302 40900 34846 58551 70680 57535 91649 7138 30910 76132 26548 64580 37093 44217 57566 30200 57311 8188 47576 60494 83331 22227 88801 66498 68608 61560 68823 20183 59994 22785 52549 55844 9945 8039 12528 89447 59863 83603 57017 37633 91134 70760 38963 54867 42668 84072 32160 37026 69885 29097 22345 50126 23051 80440 85736 54024 33926 8024 12407 21779 93467 52630 46494 
614 250
88451 99787 1968 52301 42329 7894 22310 65442 41120 57962 12330 8244 90734 7631 99832 27417 49098 24366 39019 21019 65371 2952 83014 23268 5983 6076 53960 59413 59931 51864 80309 73333 59156 35491 83646 97611 39709 41180 72254 30822 54376 96845 43895 64588 77270 69315 76490 95706 47685 13130 27506 61546 15976 42688 80651 89110 38818 96364 99374 2351 55643 28021 58238 94009 34000 8426 48663 90925 20 57577 58460 59614 13884 25395 90060 41733 63375 90174 24597 56406 91931 56408 91274 30939 54747 63302 62388 29123 39456 96815 5094 33896 56629 26742 63678 72928 6928 61730 88877 81209 42784 30579 47573 72256 56490 12080 54192 63002 32639 55220 37833 38100 55574 33478 3882 35522 4963 72568 70020 31608 21977 84489 69648 95665 32831 85144 72948 87388 68134 49299 31007 4274 87726 8009 77616 88169 48251 87506 14427 76475 66291 44861 56079 77824 58596 54661 70827 15441 44215 3454 88259 9654 62152 91062 56277 40743 21140 27394 64067 93330 53521 45499 58038 5417 43585 75492 90040 6188 73073 93619 309 11961 96341 98525 85510 59184 44170 5544 44299 1370 94673 41216 27153 31565 36947 42251 85347 36183 90090 78964 77207 90674 82603 52144 96445 81323 98785 14935 24985 42428 2778 88429 3990 90318 29672 60557 66708 10583 11635 35012 17953 74888 7314 69055 92990 95466 44318 71162 54807 81572 72259 49066 85075 35970 18599 11632 30160 3604 72278 60027 25281 61397 25563 95078 94803 37842 62782 6780 98256 66851 96329 75542 42309 82832 4343 51768 3854 87843 91081 63219 
970 208
37804 28313 24625 83498 48963 92459 68593 85151 84726 32283 28232 11897 73605 65853 6902 82447 12367 41199 44327 74129 3678 59327 64132 84795 1972 48625 43696 27413 20663 38681 20339 11532 90552 15032 97346 49341 91957 7659 60263 96779 53804 27589 34772 39328 94870 69829 90358 3892 12057 12409 28204 15063 13766 1637 68444 42536 64628 17849 57789 85570 5728 21645 12947 64245 35815 85272 11555 61513 3109 67203 82234 27976 11723 82300 16491 75910 19656 28082 81064 98086 94734 1792 1770 96044 93171 54332 68016 89690 91881 33566 99540 31031 58790 36590 71205 61917 39809 82446 23308 10462 30269 22179 44 35169 97791 42743 21363 43904 6199 73237 79742 71917 24816 63036 85901 29687 64833 3115 13464 70528 74773 23935 22223 25609 18495 60776 88191 46904 76945 87210 95412 96146 77939 20734 61696 84613 12114 90160 37975 22735 35097 96861 83072 79281 53044 34700 93580 94702 33175 67615 94312 88604 18247 50068 93440 83260 48638 51739 72408 97103 16426 78948 21687 82122 82585 97582 90739 35244 9633 6582 21193 6967 67078 90475 98684 72661 240 33516 12707 7708 45747 30262 99395 11004 24466 5263 10733 16077 85924 81198 34374 89674 9567 27371 92185 20265 13244 4182 65328 42940 33921 17513 38193 41266 97280 85079 16387 7417 
434 372
39404 552 33939 23967 56980 20221 30964 45491 39860 65036 41327 23843 81509 14221 9070 73217 73352 93946 7937 38702 73545 94308 82090 96466 57593 49576 70021 9530 60088 17685 58706 90380 15006 94991 74085 95269 35969 9513 53170 62042 45942 81626 75619 550 83537 77485 69856 2325 88426 95683 40416 87540 81458 59356 21137 29484 42016 21773 1851 36875 87009 93810 17159 84843 19901 64738 28695 4659 54879 30437 1225 34237 98732 13036 73384 79709 57190 71552 16681 45369 29345 29991 24467 1821 60565 73286 87651 88032 78071 39863 85263 38594 67810 57572 63982 61512 72215 3661 29307 94948 97733 17927 69785 49313 41287 41509 43814 46078 17424 75313 2188 64553 83076 60717 97758 26600 252 12648 86697 23676 75372 32778 96345 45441 78746 27999 28030 32239 11988 79810 83929 74675 23029 45962 17325 42269 3687 34823 49443 37286 76394 27361 83009 62981 81577 98246 26593 5116 17998 18293 38834 61767 76196 94730 70890 48455 25944 19804 6851 72766 91403 46844 76381 56047 49257 14756 70293 93214 54535 15702 21902 58856 30224 3731 91817 22509 39905 30373 24428 80389 50016 7819 44970 86353 63399 26699 90671 33371 80877 85864 6441 92603 92866 3339 56729 15993 38616 96287 35441 19210 13520 7411 48548 94287 84462 80803 61530 99272 15352 12129 75628 92248 16503 94638 28719 97068 39734 1379 25975 96955 82972 42206 26157 34658 5115 21675 46529 92193 83166 13722 41740 26302 51988 27667 80166 31934 62794 9818 95907 71459 74507 50409 87998 22756 60952 84054 68943 66939 20134 31166 72747 36363 8095 49095 42063 9418 71846 51431 94620 6803 3321 89853 21321 60438 99924 62250 60684 30764 9135 69138 442 74521 13555 83284 30103 98257 45796 24633 65864 59941 92870 7358 51496 14299 94992 66925 54217 23530 44467 99769 3861 67624 67705 67719 92541 88963 79474 14401 16670 45414 53659 48301 38582 3168 32540 14436 12880 87087 79456 20816 64269 4890 68756 70891 54991 52993 98998 97898 87982 9051 84870 24578 89173 52914 58071 76799 99356 34719 88022 74299 48015 58523 54556 16959 48010 99460 85544 3668 30512 81936 86318 76341 86597 31468 93274 19679 27881 20412 5588 55633 76409 733 44709 97420 66976 36581 75757 67996 95247 70862 44359 83386 22246 76050 92572 56207 25151 90252 8275 35214 37533 57074 
512 2
4461 4631 
996 382
64635 45258 45546 31676 76443 8456 53602 45724 94633 71149 23071 91730 50817 97963 19295 19491 62556 5280 83202 7589 49761 16102 78192 90722 6112 94278 33988 45774 42530 21047 47138 8262 21200 58148 59896 29213 51200 66033 58250 93102 69664 68897 51812 22326 18402 97915 41670 49959 29552 42085 61805 27010 78346 34859 76858 92464 15127 54757 43542 40798 7394 99730 93733 49710 18103 93884 35829 19314 52135 29674 77094 98002 48102 10632 81478 84598 93005 22653 4390 65885 89714 91819 99120 49977 71491 72655 47293 52556 25093 59541 82332 50692 69546 35794 41023 52294 24782 33023 7660 29555 96114 21591 93497 74386 51613 73323 1173 17582 10618 44426 53516 67143 34603 22383 84340 63934 43946 86374 7783 56110 70570 43105 12710 78256 79989 61314 32731 86079 65604 79609 60379 68114 11093 45957 99262 13197 48052 88385 85318 72047 54651 79330 16874 95724 49738 62279 50612 92018 97284 19653 46336 7099 83339 75190 20307 31976 15637 98678 56337 37313 43996 40012 25433 79254 9232 86267 78466 21149 89534 81629 49790 76505 38675 44291 23160 31795 57427 82588 97970 43730 27623 81075 42317 9642 93880 39353 12978 4064 34939 78980 64212 41360 24588 3206 55458 88285 14568 4649 66554 15486 78235 94575 42827 96271 68028 60127 48946 43782 15909 67175 28960 61930 18032 24264 11866 59243 6320 30683 30736 32097 42334 43568 60483 68875 24285 85982 91189 22435 31165 78766 30754 30833 77300 85714 86981 38627 96183 73326 54102 16395 52329 26735 50374 18690 70877 7419 79303 64230 85670 7909 88262 12502 66795 66832 22002 77280 36870 33484 17540 38245 79516 3536 27861 90753 6836 35611 18776 63895 1530 47617 35348 90838 25560 24044 10897 11096 29740 74915 59334 97359 5559 98071 3038 71384 58575 62855 51867 28607 35266 40856 68677 94493 89500 13775 96826 36481 82912 24950 33410 78878 28856 96406 75447 91596 73289 63213 63570 79048 5406 17274 9475 13625 47231 63681 11458 91455 90443 42728 59154 69652 49282 80969 66986 89378 8764 57312 65544 72626 86129 35218 77279 86274 79363 72404 69642 64048 68211 54793 75293 51240 49219 69729 12584 83390 73745 20722 69923 19013 81083 33139 7868 36708 39001 94324 81107 3579 67089 37754 74219 88648 65183 1228 50531 94513 20115 56368 59802 72344 4882 93423 85882 18516 42088 33254 48275 56563 1334 48593 46211 77127 59849 59914 
821 168
24606 65784 33045 53614 45863 72762 21589 60003 5072 2225 37151 27255 78983 30182 31727 83123 55036 73579 43076 8592 71242 59257 15802 14181 28793 4269 23065 76712 24792 26510 31114 79046 42706 81666 78404 39994 95434 38924 90224 92675 52677 89981 67538 1528 69937 90547 81174 28224 57091 22719 62017 72437 31012 88951 96244 62585 64885 6542 12890 97435 41645 87723 12047 44317 89324 60818 82950 85181 75545 96173 78370 6727 22507 28910 17469 21774 59022 24601 48036 19477 58626 46479 91729 96093 25287 85387 66364 76677 40057 41957 44414 75155 67058 69395 82717 49617 45782 31155 42157 38369 45991 17280 95178 57341 90521 44349 89111 96178 48530 20789 57307 16764 27074 64793 21191 98534 54607 78114 62288 46847 56077 49984 11615 89874 74819 62044 99411 17572 98853 83381 2041 16797 31586 9760 8107 43185 17686 85622 40692 63437 18610 10429 58498 21916 28891 14790 90988 29673 25970 33456 86742 44104 59092 57160 64778 36319 83775 67893 80717 91204 15825 34428 42254 93701 1814 94241 53946 74606 
633 232
58772 11187 44679 64010 56724 53941 20508 32252 53021 12177 30829 80446 66705 4988 80315 65239 77903 35090 98778 74412 55606 76295 58298 40004 89748 40760 63279 56593 70086 71675 63533 32574 2937 92039 64433 94799 90143 40669 65416 28841 26810 88267 3433 23957 32879 1375 32240 99871 30442 32766 84095 30278 46341 99890 62310 76290 86461 9752 76316 67415 91467 76226 56100 78064 33612 62689 96072 13196 29218 60536 23773 8757 12069 36369 69907 21871 64069 10876 60344 88331 89576 68940 70142 94115 61146 77741 25710 5579 85861 95100 8370 18183 22322 7662 72246 92782 91669 22416 69399 96600 88514 79984 48466 97642 6526 85175 56348 84010 93989 7058 60426 38652 60268 59482 75701 19923 51219 30147 64071 87666 55034 3846 37982 64494 67920 98169 17433 66219 41543 83544 94136 37835 3663 8881 62332 99562 53538 24231 1729 24547 99483 15042 38900 92214 29891 85779 88485 42081 90469 84335 84426 6876 42218 79814 94882 91712 21941 10792 12226 84333 48158 34928 2348 23929 62850 98375 37040 99701 51515 53566 9363 99768 77511 60629 29198 71182 33378 90806 88944 66704 20007 39609 84724 36192 86628 5183 94471 75497 77842 36329 83948 42340 26243 92851 68279 58259 12559 85528 30994 2068 79033 74153 26569 46238 253 77201 21459 72162 81402 34017 51426 93582 2543 29266 90731 33391 21754 25166 77477 42054 93545 5409 15012 5065 16768 39592 45794 14241 92693 13052 75650 80497 
388 392
31811 3461 44768 65226 49918 54576 59710 82331 49319 99583 7426 94279 97674 52557 66574 97694 10357 55977 63183 95677 99901 42703 27465 76667 27547 62365 30457 36822 48527 27445 49290 85201 13316 29478 51399 79298 45592 47226 51364 64677 49504 93525 20092 29056 58766 18975 48393 7493 71832 15590 35881 20635 12451 74869 71887 17276 86294 65863 31107 23608 23913 81396 54998 61910 48850 22598 30475 26517 18280 82837 2761 21060 59210 69939 67971 70056 75326 6821 81465 60317 35610 82282 68297 85862 73715 4489 13506 98907 70548 95186 58501 11725 66240 64354 23410 32186 14841 15126 41931 44168 40259 1412 17008 16173 56439 52436 41842 8681 57931 99630 13268 53529 68315 31535 40030 92595 49704 89840 94254 64794 1541 22214 5727 625 7323 18135 29655 91344 58979 37529 67259 266 94816 52882 22121 59080 27340 45795 38755 84480 45914 50388 44144 45604 40993 62524 69778 92285 93338 16193 23689 48317 1606 30423 98284 79939 62886 74327 22204 76569 19404 29107 28575 85210 48415 63664 86879 2308 52000 69348 66801 92035 93179 61861 72359 47393 95867 98074 50449 61736 83806 20080 9096 89044 54665 83403 8844 63378 77971 54966 19113 17807 82355 13000 22271 49999 81831 99552 60076 93929 48976 19050 84045 83233 24199 23536 91141 2986 9414 19673 42326 15906 73503 11178 88796 52796 11047 3410 94086 80919 28112 37436 83683 10139 44257 68246 5246 74993 41425 85815 77055 14480 74723 21680 13701 92972 51548 22177 19276 92077 34467 86307 13239 87197 37520 92217 68977 20848 21869 199 88705 83751 14240 37198 82515 86579 78833 2252 64322 8735 59354 98553 8994 51378 84238 5105 68795 17742 77198 33752 35032 60309 60581 82308 94640 23175 37590 22897 27497 66687 61789 86404 41390 32190 56631 52571 41746 36049 67138 29604 22496 92580 10223 44189 65834 30825 70849 64233 66395 17242 36707 89509 58129 72773 30843 16788 44619 43308 19023 64044 35890 18555 72015 46633 52680 1617 45640 44336 51383 33373 42060 15469 41164 76479 8851 68493 31010 38331 19960 7168 75232 30261 41018 20662 80724 1170 83191 38341 5370 53123 579 83641 87834 51126 93738 40742 99263 33375 59071 75803 58576 50453 58380 67247 87070 51285 95936 31355 40765 9343 44631 66382 3057 98184 99389 89319 74117 45807 1928 91876 24551 42203 35758 33964 77035 95111 75274 63794 47705 79478 55202 50334 47289 3351 75316 21260 61884 59185 65348 90202 59059 42220 
313 224
55807 94988 69420 66752 6966 52232 63606 71911 81419 66075 18210 50855 42769 80713 23165 50102 38479 564 20925 63995 94458 10383 60914 33764 52613 54097 35493 74729 19539 40248 35058 72158 90531 64256 22645 43367 11234 18406 32347 59000 7790 54898 19626 92425 16769 42430 33411 8031 84637 19211 87825 66513 97976 98187 2847 37366 21123 55387 87287 31996 65804 79091 15919 75961 34849 43376 93760 19229 42828 95601 56941 95297 44242 75344 670 79941 23607 12475 90981 65462 71882 31019 35153 12953 31900 55838 87925 65297 14234 73085 89700 89112 30343 39051 50575 79462 46881 56360 12597 14985 8442 42396 10025 71044 54933 21268 38860 49336 34531 28081 2731 11516 75136 56505 47921 28441 32677 64250 66568 9270 29880 43036 49467 31088 63066 82688 18529 9386 43683 32740 59090 12722 52886 88606 31862 76786 53348 31000 6437 61993 21811 17430 93350 27428 17411 5957 59559 92480 85409 41055 61538 14004 79197 48080 23810 40846 94280 15705 80720 54452 13370 49979 4082 26784 77006 83197 26021 80115 47030 13333 45609 73469 65499 44025 98538 39588 34386 52871 26845 56396 42107 56604 73093 37595 899 15895 68035 37480 64608 40737 90405 34132 38486 50434 33828 37357 96805 99910 89222 22860 12529 37312 66698 73156 48258 10468 46613 13222 45214 53639 67086 4973 64301 6254 7387 1091 78190 18163 6671 77425 9013 73691 88411 66845 
700 194
96361 37253 64661 6100 22813 80385 41526 27095 9447 1399 49386 53586 70166 68479 80962 74842 75284 36532 10477 84205 90624 35499 70945 63293 96246 10787 55850 21133 98164 90023 84636 86901 19401 89291 87319 87354 87490 81352 87582 3796 26542 946 64752 42293 97746 10821 54044 2028 32834 81082 96201 57442 96765 93418 59776 88468 58303 11215 97932 8283 21810 36506 12326 40350 71530 78354 95470 42282 83316 89808 90055 34997 73229 96110 62186 72782 30551 86381 97518 79496 82055 24830 68355 78628 68467 69038 77470 73101 71213 16422 67661 93226 38478 97875 31136 35392 30520 93131 83485 16286 41122 99423 83282 18169 92406 81216 97920 22417 63485 87182 35307 1403 50063 83564 61449 35826 81364 93939 32719 39259 24509 61852 78423 4849 60472 69593 75245 79347 99105 71100 28254 1646 10431 31460 75531 67378 51311 77991 24807 86325 98944 84725 3836 18439 43409 20899 23542 30157 69095 69196 460 563 15537 13862 42825 79585 7926 82445 23623 48442 16138 69862 57874 99058 5148 80998 67090 61697 57698 93850 2242 74022 84939 75006 81195 45052 15037 13234 3525 72588 83833 17054 76948 6060 92176 34888 81061 34250 26495 49042 69964 8781 20538 96498 
621 338
69942 35347 42834 59137 29464 87891 10314 62728 14945 11658 44369 74365 79550 97675 92844 36955 44180 86758 32502 10207 96434 80176 49643 3581 11912 73458 37806 11388 94963 40162 68180 30679 59357 13329 36951 18544 77959 88607 57616 72711 20176 19178 70746 27406 97574 83292 17618 28150 64389 29006 16916 17256 49015 4060 7371 15760 27046 47216 62894 7938 19974 81850 62258 7987 5414 15370 63799 71238 24408 77713 2972 9316 80153 34427 35648 417 48620 76301 77145 69799 76429 1424 76214 30146 16875 38522 64343 56215 74671 84362 10092 93230 46257 5465 39908 78830 46399 62913 61194 25049 82408 36702 11054 78274 36942 85619 72450 33052 76514 64773 33030 64817 26008 44063 66600 70858 58237 26653 92233 79936 45311 23846 79689 70063 3598 356 20214 52696 89625 54942 88941 31672 78811 22673 5609 57757 79753 32792 61496 45606 70716 64587 84410 40397 29210 27742 63817 48987 21643 13504 40553 79472 38856 107 82073 81339 91792 75015 82591 33604 33299 55352 9474 44357 38259 60998 33810 22614 14654 88407 50650 79877 71 19897 53719 84516 79152 21674 66902 1463 19324 54224 62823 84463 24090 2640 76079 5693 41537 23363 74115 95464 90642 54915 76567 81540 50873 35720 1990 37219 59884 77859 90278 862 25407 74665 54526 74185 92011 13387 45138 69902 98532 7510 91489 60133 73625 81117 69909 5661 56619 25115 30564 70526 14245 54654 15784 28632 93259 58673 55660 64950 69235 16312 55247 133 41142 23883 55704 3644 50089 91136 70867 64846 84240 72295 29400 20605 88303 14872 14060 41261 96589 78398 88652 81894 18468 39169 6578 70899 54233 90271 40147 64049 57938 39603 66390 30569 96190 42087 91635 73230 43727 11985 27408 19437 4139 45186 10506 4541 98859 38799 87985 53191 49829 5815 44853 51099 61790 61059 15266 22533 26505 18475 66984 89880 85331 61856 1783 35656 25366 82781 21345 85555 10058 89950 10306 51320 2221 60074 11745 29275 60061 20378 62494 94441 2382 43759 5307 81210 11695 65860 35480 4847 51111 60541 90472 9593 47512 51541 36224 93437 17095 57155 30580 46028 12631 65495 
239 370
30252 57923 3951 43262 82491 79863 40411 88647 21627 76112 48182 6264 41139 42799 46467 31396 76644 8124 6464 78678 9685 86552 57054 70364 91208 37172 56928 14456 26496 43596 29894 87045 73042 46802 10023 38861 81970 43157 49254 6823 60441 35017 79250 96953 67377 81474 18388 76069 72141 22763 28385 12590 14201 57434 9652 9627 13846 38444 81318 85799 37257 40647 73694 68276 8028 39039 77119 73207 85662 12093 78925 77927 9601 49126 29027 45890 83808 33161 57779 62824 79784 3222 29744 52646 11677 46684 66302 93952 59182 54547 70958 18128 73555 75755 23884 12743 93691 591 25172 90364 49665 58375 34100 90975 88523 43821 31616 70724 94806 84683 12800 65444 7852 22541 72609 60867 44297 98334 18666 22891 97102 2109 54424 41254 72013 12848 62208 55377 41298 51753 93655 91634 98761 43091 21086 6799 18570 46359 12770 48352 90762 13183 66547 29574 5174 11904 48847 58935 6923 38513 24420 6327 78152 95210 71437 38758 19509 62317 30844 31131 41506 25214 94482 34172 72894 31760 65602 14685 66514 77052 61950 87639 82804 17823 10362 74112 6105 81259 63522 30449 24872 7561 93544 83600 34910 10392 35995 41675 23740 58240 86977 53398 75930 84383 18522 2190 16148 97737 31319 99063 74609 59323 70647 26506 77921 48639 49799 73382 27605 47234 71302 99166 46835 9242 990 95309 33235 77801 8422 29516 52620 8805 74790 52376 35576 92048 29312 27301 56132 56849 53261 81889 82369 38807 64883 78165 27405 93125 88369 2433 86732 11467 90021 33832 49350 83758 69617 7345 57055 10999 49016 44210 70840 90628 68176 6336 8824 50820 94864 86848 76272 33379 37193 55104 61176 95246 14513 65588 8760 86773 31956 16928 22110 85675 2169 59162 11171 72120 71167 89972 67475 95869 16094 5954 82816 23995 14815 93717 39949 18590 36765 92632 91877 60608 31322 69819 67972 78357 70358 738 39823 27939 64146 57011 33502 63400 99415 8305 69601 68422 25601 76320 94220 34147 48233 68765 10666 7313 61765 49629 97081 83024 7055 49061 70803 46306 28017 23402 33728 35976 52389 11507 44866 33445 66492 53640 1926 85349 83786 88985 43005 32459 16659 64954 46677 59452 565 25536 5542 40384 86841 59639 22865 34319 76402 71336 60118 9175 34450 37014 90457 29117 1499 67265 33008 79139 26093 79595 5672 37737 
402 236
12788 85842 41841 91675 45277 3441 46139 13703 37208 55684 74405 4947 34659 59252 37514 80533 1782 77021 77125 83407 32632 99534 18713 40525 8543 47599 21533 97016 55342 2809 91941 97117 28842 94495 60765 58997 31583 44013 26907 79614 96631 7616 21502 41998 22806 69516 12504 10498 445 98371 56501 78597 34912 62109 10225 45577 25117 63139 66380 16578 79295 74 97542 85300 44039 1300 72034 89641 37733 47176 33155 25339 50170 39128 76157 70138 22436 23555 97516 84379 64143 7317 83132 50539 26162 24149 52318 9542 44640 84742 56428 28979 94534 39348 94792 97960 36744 12901 49422 93657 46929 34835 15217 37115 80168 49614 59318 2016 54307 20595 79035 19840 39302 31673 30042 62253 5392 2048 17462 81492 92977 77017 37716 61451 59818 43141 24190 66275 39732 92254 72317 11307 9801 86048 14369 95325 60621 69966 47457 43435 92370 3430 57439 36978 42202 49194 48118 70145 12515 52634 20932 1567 45033 28732 97459 75273 67691 74663 51442 57262 2117 49575 80615 4046 85119 97669 14381 56374 58504 36430 45330 20445 49140 3149 25698 9505 76782 81298 672 98213 14660 25439 8082 86884 42222 22318 24176 59125 66168 14656 88335 43944 67640 16787 88553 22576 98833 55882 4734 19837 8842 1679 64366 32657 90994 60668 69987 39273 84705 60292 38836 63157 9581 76299 89712 11927 44930 73846 71897 39168 91040 32264 75727 45633 91138 26015 10780 84956 22790 74132 43816 88612 52280 12580 26455 99302 
666 394
87670 56274 23125 57976 24518 59445 39342 13755 69491 37957 60544 48396 41051 91115 61691 17798 420 10715 23132 23574 5817 74317 52227 84378 49626 26143 55176 62423 56441 25733 59111 52916 68343 92229 28978 73969 87545 81780 99663 64087 23253 90858 24655 97430 27029 30108 566 4660 34856 39064 40208 22382 32086 76481 11952 91012 95354 33246 79500 1988 11365 10894 47961 15699 82117 93417 88510 55747 40485 84569 55899 4836 57452 8056 95404 87288 29116 53738 60957 75472 34244 14911 31859 89634 30260 64405 18089 81841 1053 62654 33194 93913 46108 13990 53622 74319 19166 26395 35965 61593 45254 87469 34299 56261 72718 13519 28317 30581 31756 60644 24068 99150 24436 25611 49410 68237 77489 36625 76713 91401 34102 61015 48750 76551 69398 99247 96324 95533 18885 79361 84849 54500 29113 58109 43246 15866 5977 96111 15959 52939 83721 87188 83230 41489 55476 20556 64673 72044 53000 12201 21572 9266 61522 77019 61989 2000 24674 20799 81534 10263 89381 29993 65775 40285 72230 28319 71411 55181 74017 73036 48753 59645 66985 33290 99193 87191 7484 13940 74203 99124 55546 27932 27174 85731 9056 82891 5184 2304 1430 70417 2399 78908 85679 15194 27639 74895 88716 39033 99947 90896 65509 27051 688 93129 19884 69208 98949 5929 69811 39753 78729 37821 16437 428 20934 17109 49356 16210 50210 57650 58781 89590 8756 60149 40803 4289 2270 36155 75192 38490 7113 63591 1743 41736 32399 27232 22492 31521 86831 15171 29682 81181 28502 67443 36957 65332 32663 65785 99819 536 33312 11696 83712 13453 78325 54245 47120 30827 34961 34222 99848 90692 38505 22132 36773 257 75260 10816 38941 12477 70618 33944 51363 9893 59471 98679 96835 42853 36054 35077 25126 80760 54481 88065 14389 88159 36981 8753 89667 84900 269 56975 79586 1306 4720 22850 73408 4172 95638 91727 7292 41093 78562 60204 9014 99201 57271 48243 56765 82154 45828 51046 12154 60611 3029 99441 78971 30893 51781 17678 48073 43316 73202 11998 11044 73079 92432 56597 68277 70055 81429 20074 62257 60787 49564 7747 20482 55299 24687 47362 44672 15425 88284 38042 83271 45650 31380 3742 93009 50552 66149 79684 65512 26046 33390 6909 85676 30023 28414 34662 78735 9624 55785 94733 68979 54746 2799 21571 94694 28276 65464 62709 22385 96122 21403 44767 21266 34677 54472 8538 45513 49512 18114 12035 75938 16365 58757 74257 29440 39751 7397 28998 74268 89883 
828 198
98363 35187 40220 77811 45118 54174 48567 48977 2400 18920 86521 31980 30097 6090 2586 47972 90292 31144 3309 54016 31871 91746 36675 6579 6595 38134 75194 40398 4105 52750 79396 61931 76655 28182 20249 41857 1460 90774 50084 51167 94754 94974 13178 43392 59966 37036 97198 62920 11856 43458 78496 81039 77720 39444 45721 68820 44398 12292 70122 39210 79010 13049 37971 20017 44847 2137 10502 94410 89662 28836 99070 70449 50427 11599 49109 39190 49552 15570 43134 19207 455 82302 2549 35323 30881 63662 53806 21494 39584 69010 10541 78052 12803 84638 44413 94028 57804 49352 22759 25124 76500 88391 82347 64790 28653 2247 67910 80778 63985 90741 12924 96980 99235 89492 2185 94712 82702 82723 37979 56487 79170 60853 51723 34574 31190 61947 40100 75162 71251 91227 46361 79256 45703 33361 66689 68984 28784 97382 92043 61865 82398 42639 32584 44331 8895 78781 35809 66812 34462 43184 1494 94995 11261 11578 32562 36873 81382 76456 8963 87571 9845 84212 47896 82905 93316 16654 97980 36070 49152 37139 74431 44041 24114 45417 52048 70864 28831 58026 46632 76176 64744 32921 41158 46620 65617 51741 5210 73161 28802 60021 56701 18959 16557 68613 21929 12125 11026 82855 
260 310
64579 48412 50524 82496 70524 64443 11704 54310 66635 6730 61756 55925 88835 17594 9443 51682 24202 12463 3921 37809 53567 52762 86549 68236 68405 49647 55822 62180 27525 24076 25205 43735 57144 70532 73227 3929 62047 51963 27633 37220 99690 66981 13138 73521 41242 89682 48789 10140 674 89902 44076 54152 19439 14543 22794 25204 41329 99765 26198 7178 97864 64468 21197 86525 2691 66696 72041 25980 15838 5410 42913 74747 30965 86355 77419 18145 67453 15464 77965 73566 7259 10482 27150 83647 80632 92979 30542 94800 75388 75474 76960 95542 63358 38457 81733 50256 71946 50560 23761 27969 6162 37918 23785 13226 77173 72670 60454 77187 50767 68927 59961 56934 50324 34756 81046 36062 56543 42283 18863 26581 77740 58746 89519 80721 36002 43591 34412 35850 85934 16625 44943 81487 42685 2836 66324 953 77639 76498 11395 67349 48701 69281 52107 12965 57464 38355 7663 98865 94874 905 25977 97106 80809 94765 28352 53859 72420 90188 6357 85277 79579 20875 66671 8560 90721 78786 89063 83703 62403 90205 70975 94590 51888 95995 83728 78215 74236 51930 5267 10946 57059 90985 57317 67063 21322 53330 39132 1768 77803 4625 43051 53650 21138 41771 16379 80923 32980 73956 88865 42410 68424 94112 42386 31652 80416 98927 19239 26678 88318 25656 57565 40418 70194 97037 90379 7516 89537 93724 25140 7810 74443 3388 48636 13824 57983 12666 46885 9342 14795 26128 71669 44657 69579 81145 36356 3696 38797 6215 33924 29103 88109 17402 42457 63023 52088 52153 33845 16984 50872 87749 67856 74374 52332 55405 52025 62667 30990 13663 96661 1133 11540 5877 40891 27966 97223 97441 82128 74146 20546 53324 3150 78015 68916 69325 10628 81765 77339 39599 41802 92194 98508 88562 80458 52055 20454 57824 48671 73292 97383 85485 44343 27696 71321 47858 47482 97811 78160 44624 36631 55306 65743 63745 77678 32664 92202 47018 41474 94810 73998 17797 
102 104
6419 28987 8950 36164 66172 80100 43672 43192 98802 46759 33886 21344 72941 79309 69324 13443 41234 82249 66102 42774 74614 17358 48894 52070 61469 78606 6424 40336 26502 98388 70026 92099 96520 50510 33207 72424 70486 67316 28406 12555 28236 30340 97950 9348 22803 64423 7497 40314 84661 18650 88608 68329 76924 34456 29378 36547 65266 24533 24850 31659 10534 6047 42660 70733 3927 73622 27874 73087 86367 42930 8180 11487 51490 16954 67489 31979 55745 60054 24660 23864 81177 99083 21387 20461 60179 40199 48434 293 3178 6659 68048 87766 22879 53422 74029 91749 21192 2311 71796 37413 30295 2053 4837 76670 
606 218
99359 7537 8608 73120 27077 88843 94120 72265 86446 70216 25881 74610 15336 9494 50203 26207 70700 52308 11108 41043 32714 73411 66678 52399 59349 42372 42411 57837 22592 22669 31157 51694 40716 92957 7440 90399 85302 1069 48895 25715 37031 41134 35349 35260 19074 28645 61531 23767 87699 20463 13949 40005 67752 19047 65472 62519 5840 17304 80087 78378 81584 65243 35734 97591 73314 63156 47806 81417 41047 97602 78539 17131 19407 86196 65839 79448 28296 18187 415 40497 20141 75392 62812 92819 27985 48476 69302 57564 79273 22980 79756 12276 40271 38425 21248 46949 85989 86044 45725 85364 96552 49995 932 60470 18768 35192 50719 86193 94777 39505 52103 39143 66770 5582 68049 78266 53889 40284 95560 26985 67965 86861 8237 56802 89317 27454 24313 5909 81709 45135 50119 93401 67949 72302 8827 49414 78268 11975 44485 53702 89862 2876 27787 86644 3767 78106 15020 69782 35148 3559 96112 7114 89437 15617 4776 83242 60476 1279 11995 61380 20992 6834 21506 27716 60699 21073 50166 27306 61107 19598 65801 62826 53003 30985 3603 55985 75614 18011 73108 35429 81736 33632 30408 77764 28329 35453 74514 11218 74824 24667 64114 66353 52034 98237 90304 61392 85976 79054 51097 70805 83268 60815 99656 67606 17814 42307 80690 32748 89533 37615 35744 61049 63797 95844 17104 64715 82909 40023 
27 102
48688 11962 9444 40689 72891 11489 40628 99850 61488 48201 58487 13614 6556 5837 31041 87437 52942 95971 72794 71449 60194 15275 53221 66789 8551 19912 14915 65100 71562 89356 6790 52098 47310 50730 83355 36395 23675 12091 18349 61839 80607 3036 62938 47708 96061 52648 20729 99182 35985 70204 54093 41306 58666 57639 50588 36513 33805 80795 59904 71199 85359 75257 63955 20137 87012 26179 37604 20955 7413 42488 64910 98908 93708 64352 55397 93798 82916 75826 32580 91082 99175 33138 29054 1189 22303 73940 78359 77855 7242 7392 20965 128 13467 69499 58829 55238 48497 72289 49784 14537 57758 68573 
390 72
57527 4894 14561 94540 21120 37897 94755 32146 90995 87867 47460 27743 61714 10165 87200 51705 82684 89663 99324 38676 12462 54282 57374 58542 50770 76296 81774 32669 46249 30067 76918 56574 1586 67292 51367 82683 90912 95021 68706 17711 83272 62926 60974 45929 13407 91599 87950 9384 86668 47395 48388 50595 33951 49839 94267 26684 95129 74717 85101 92015 68523 32389 77536 12700 13891 85951 75996 4554 93153 9543 14117 56711 
101 158
73877 69158 28101 28235 26312 93318 42981 54484 28373 98156 98212 20555 9809 75919 74408 14212 62630 14595 73490 32732 48168 96379 79531 16569 39321 67242 77748 25734 30902 73311 25423 86010 71706 83252 75936 51390 62262 60333 91417 24863 48820 68542 96914 55216 1477 7685 69142 8594 98777 42605 10082 9192 22997 7700 58135 8988 40754 75728 69920 51709 45058 24812 35967 22440 85953 99385 84570 70659 11271 79300 51159 71147 80668 48942 43548 34761 88130 93485 63815 20396 47083 12436 93360 67001 73993 58894 54522 305 14711 81355 41783 46100 65122 11018 15358 21628 45229 42163 18050 31688 33603 8483 52704 7843 50997 38725 8084 98353 41874 33873 16575 70874 26870 13942 71227 44708 45235 27845 75573 76613 14490 7430 56801 40118 70033 70821 28214 26847 31266 41236 33151 84974 91528 14179 29586 55907 31416 46794 55211 6241 96449 83664 95774 22098 93445 5784 57164 45158 82965 98894 37807 33870 37993 5407 94550 54979 61361 69887 
927 332
65599 93871 79777 86276 92830 54977 43855 25471 6197 94338 73971 6951 67656 48319 74348 46747 43686 94007 36811 80067 63072 19455 97703 90601 75561 10923 66225 69371 88360 78267 57210 50173 19614 29339 75323 44684 17154 40089 47639 88860 14805 59888 71180 8845 27615 24223 48808 93225 50330 64045 14112 93110 39978 96156 92118 82989 99777 91972 4529 79203 24110 44072 30318 57993 87815 50386 11617 77313 21025 64572 25025 4052 97207 44195 6416 44395 46045 24636 48284 95672 2665 53176 19536 46277 86630 82023 46853 28613 58667 81293 42531 10834 28818 17745 58506 26138 60090 96142 82152 94570 49782 19595 43436 8598 80839 20489 87835 10214 54338 14928 88087 68423 2072 11590 91767 43867 45114 17421 59024 59147 59316 98234 87057 48155 24891 14231 51510 21926 18919 44109 60571 59579 36790 15721 78703 49060 73014 17897 41742 33555 17631 55757 53455 43284 92339 40670 2015 27698 81151 22943 55724 49891 43778 28956 61810 16320 8231 22995 88658 56966 60064 27047 77391 8921 34625 79283 71131 94856 21175 70394 54893 58992 31506 16397 32856 58513 46442 50711 20036 77042 55744 55894 8346 67967 14813 64276 15184 39773 50888 69740 27220 19658 78056 31220 37658 95988 21433 41818 76750 96738 26321 86140 49492 72487 10573 18416 20873 22972 21091 56335 62621 37214 95212 6735 70087 28462 98339 9864 91945 42101 29469 97514 24912 47051 84441 87332 99103 82839 79445 70231 45272 41313 32211 56663 99691 83481 86688 64209 75794 36007 67368 41048 7333 79030 88810 18864 69258 12068 13101 61642 31212 6637 72180 54126 41398 24097 6808 3978 47116 45110 76218 95123 50249 18084 83855 97578 18265 66673 41292 73754 69692 49006 64609 13417 27851 11788 1592 9029 92181 76007 30576 39167 84699 26385 18236 8062 9279 44434 50862 26528 78917 69911 95633 25298 85084 28786 5180 25791 82116 44231 14696 15933 7831 83856 97225 22869 57107 73970 35445 36695 24784 52581 22711 60291 16157 8777 17580 37283 82693 92122 70097 30211 57057 46225 86403 51587 57901 14966 3855 55642 76152 36973 
483 202
3945 28567 27717 86784 98545 6392 80219 25279 76800 45423 96659 97986 17105 31381 96115 39004 63945 49549 60863 43681 76549 91492 18815 46500 19343 73678 11434 51823 40231 39464 9143 37342 63391 76867 12532 64409 31841 92787 29818 43461 48632 96875 44833 88887 60731 35270 39425 84521 41672 42970 12606 69245 74932 84169 18448 32302 10969 35011 70294 89767 43930 67739 87371 56744 94505 91553 46689 66472 6396 94580 49531 99169 70826 80272 40011 25224 88888 83368 85611 87771 10372 33439 72605 26631 73910 37300 30277 63181 72505 65694 89445 32552 61300 64400 45226 18880 94723 81519 84246 8696 23433 42027 633 98800 33206 90779 68341 4535 97935 41975 72657 22351 14671 24212 16199 23486 69752 83101 79013 27827 30273 60191 94877 92108 97026 76174 68088 56561 89624 30088 89752 40190 65918 597 60010 11323 7778 70327 187 90441 55810 25200 62721 52016 18262 34736 59230 97485 92414 53386 37690 72982 70303 12130 74334 5051 59359 81984 27963 28247 88738 36914 27916 35869 72758 27794 37336 53131 87801 40863 41946 8951 60572 90831 78737 43086 59479 79441 90802 7874 96031 73322 63473 43228 6515 13021 80657 64198 22681 65992 30531 86893 68530 32142 40535 46787 27858 27886 47476 21913 74323 4234 
160 258
98295 63550 18155 29632 32866 70955 30151 49199 58792 44812 15481 19849 61321 86963 79106 36798 35996 7734 17641 75419 25116 44808 27634 57805 68371 26680 3379 9285 79198 87443 89820 83930 22846 74755 95569 42869 52274 36398 20217 42843 37080 90688 51023 68535 7339 62291 19885 55610 91962 33147 71220 29884 68865 37563 49380 82183 39188 12144 38795 15525 74981 11620 90730 25897 99914 10848 2747 22324 69678 45589 5979 93513 76117 62022 4860 38937 86337 81627 17448 28265 99426 80340 96326 61740 84355 8819 10430 75267 91193 3345 32588 29861 80195 10982 70181 24672 1347 11597 13040 69044 96999 70418 24443 18604 8482 54601 98330 19274 2023 7480 4863 43133 44586 78516 91476 36058 57457 33289 36429 36669 42247 82605 11248 63367 75905 96657 88638 55349 82548 51975 17108 5274 63950 86576 46151 45175 41149 64739 47366 58901 39543 26359 3590 91821 31690 6130 8291 53757 84528 31269 34863 52550 81392 97968 21563 14831 77323 89954 73987 54133 32683 78989 68261 39463 96063 70114 6607 64560 43858 1275 19828 97094 4031 405 4524 65055 42023 39416 47649 26275 67371 86174 86416 4191 71214 8700 7059 93442 70513 98977 10514 42654 36574 30202 27175 5107 27935 68216 93870 38868 72842 1455 982 45111 11646 85014 63607 56451 37161 39058 92331 17074 83972 39185 80247 46562 11169 29811 6883 37272 68849 59636 11213 83599 43745 23803 35106 76162 38774 16506 61191 19430 82104 57831 39642 804 44059 12716 3513 6171 5663 75769 7896 55798 90426 11835 46972 83243 80438 88866 20131 66465 30670 16511 8391 53285 49640 25721 
582 36
21103 14318 49766 50258 87330 16906 38550 56478 27481 98519 23758 78154 54353 32997 65240 88301 30435 44658 19146 6475 2158 36447 61045 56659 82510 56030 94121 48441 93651 78652 57246 55203 72411 73649 41061 58732 
457 348
75062 45728 65469 46019 56764 39629 81869 84026 15766 36602 55601 37857 60801 46511 83466 99803 5175 73734 56815 53983 25329 40738 71977 57737 83842 37914 13745 99884 97743 31240 14012 77704 55932 65851 66228 36551 25344 64305 23139 12956 43541 90222 56805 62983 41148 15712 94621 20776 90869 95480 41357 80283 38729 19706 77898 25006 29148 56058 2848 77629 8367 48691 42788 50326 18584 12694 35303 75060 9843 69736 6770 48132 55466 63807 90686 85603 83483 67953 94865 70995 36318 14473 95789 71709 86791 38978 56680 33174 79382 90591 59420 69962 3510 63998 22156 59089 49421 53209 39108 83337 82215 48609 58464 91218 75686 30044 95610 73325 13166 83112 96488 78578 42820 57279 47285 71056 10110 7231 89035 57861 4673 83666 80759 73662 20180 77908 52390 77667 92597 61766 20043 58625 50202 51680 31513 58344 61506 36230 84659 52212 43403 25998 98813 63826 62456 62818 41426 43537 38180 89776 7443 46860 32471 57735 38528 50158 52210 15541 98722 14814 3830 42022 13401 60994 41639 94586 55754 23099 7903 61263 95192 64227 7836 37589 71538 73112 66378 59869 10344 40237 97299 97689 86949 28537 20411 82936 93347 87467 10858 88759 96649 86914 65844 35497 95262 314 66138 57449 36280 28442 12968 6576 22883 83500 15433 47384 54804 36523 70859 74425 35567 43993 94379 69217 8943 33846 95750 19915 60123 67648 88675 27334 5920 43529 5673 49584 10040 16965 4795 99357 71713 6271 66721 51480 37731 11576 60711 95820 98152 54325 98855 38614 55319 30894 70037 85980 60726 35625 8177 48282 16786 86500 6413 42592 84663 76770 33887 57201 94440 57023 96003 59421 21802 13767 26289 24388 21162 48255 28083 39367 33802 32143 10688 6815 59298 76303 8071 2093 38176 5451 97320 63563 79422 48171 72854 7959 27425 14282 20592 28090 8106 58813 73275 15302 11196 61521 51423 50296 44802 82801 28118 93280 45737 59190 44749 38628 20318 47023 97535 66084 94958 48053 82291 82350 39337 52804 20348 49218 66349 24486 68891 10639 50466 20700 46337 94766 51402 76249 54853 29463 22339 943 43374 95571 93574 33328 84161 24214 8487 24898 78950 2560 93723 10191 97378 57687 77520 94057 
717 222
38973 71817 27332 27711 99601 71265 13360 55590 1075 77047 46487 45425 42641 63435 78188 6533 26104 47915 75021 54691 63154 81651 42338 9626 42865 58159 91295 53145 98568 27553 94229 47594 18956 73642 84316 70119 92215 33564 32030 61590 53489 61874 53801 74541 3037 11327 44707 35393 26019 26358 59278 4569 39396 46044 71294 96547 5226 15517 71889 34086 44858 6322 65985 21246 15383 96998 61572 43891 18527 25080 17037 63060 15189 72693 34751 82106 6510 78803 34005 85881 20889 41505 67101 34824 12571 73267 87863 16957 99941 79549 32452 32544 61511 68786 67208 20301 73558 28874 82896 87533 77860 86428 60169 30599 61795 25747 5797 1950 94335 22740 86352 59777 18985 78493 20424 27141 97080 19675 28025 10260 53396 12510 43344 49608 48066 77248 79471 86858 54359 68724 67907 32026 28394 38918 52014 20509 1390 11350 1680 82200 39402 84506 55951 15405 92895 31477 11128 32235 25094 15162 39936 97343 2551 82799 72654 68702 34266 65275 3942 70448 29576 91088 18160 49718 34210 9697 43004 82393 2854 19902 89715 14239 16937 25207 11422 37315 14397 31648 63133 4427 51572 74772 32092 48598 16704 61585 86692 20690 31492 21411 92719 25619 30695 37141 28991 25101 58548 32198 24793 14695 423 58164 7519 56853 36778 68207 45760 7106 73496 47181 55697 80382 40020 64905 94437 74339 84591 95541 91692 3745 97184 26443 
475 210
35409 49998 74594 30100 48755 41594 72788 54764 95753 50977 18329 41377 28151 7746 63509 53294 99608 79260 75322 63137 67649 46376 2027 53598 46820 69377 6132 72475 83739 62025 51912 62184 72945 64920 87738 63962 99136 25170 73270 12653 84793 15198 77157 62945 93785 82391 96909 62860 43449 48071 21721 89612 18548 86194 72142 71224 98279 88066 57870 25256 84778 88422 41677 31141 13148 79381 34568 81763 41131 53425 96438 95043 44156 21735 50425 11585 24358 40920 92164 67839 50071 85304 75954 99554 4023 16581 22964 49700 53897 56120 80798 46965 30837 9329 75339 53243 32469 61744 42373 55357 86305 89449 32197 51668 88535 54624 46788 22278 74612 50057 27973 30712 41424 46672 60035 21325 46381 99679 95006 81829 21234 6118 51887 62815 1658 46754 82121 92683 6037 62204 49597 97710 28146 22020 87643 47098 18487 56578 50464 91439 93917 42819 6459 90670 39666 90941 65155 75637 13205 61071 52968 83568 12223 27305 41269 59746 58734 1553 11843 53148 2905 21564 11097 13874 45422 61946 92951 6431 10701 35467 78679 34181 549 47183 38691 4458 2412 72188 97048 7133 65021 40659 87947 43261 27296 1291 57330 54277 17937 30612 64138 91731 57694 21070 77112 81565 2322 78760 34575 92150 40042 87309 24033 15881 36635 1930 61573 66187 89109 7225 
615 176
74501 31637 76095 7495 77309 48703 77705 18683 11111 9434 91950 53137 82336 98077 73405 64092 898 67896 70708 55246 90525 36241 42792 52810 29235 15038 59161 85931 12549 10654 54253 66424 67288 18614 12501 9575 38361 50785 75976 45440 87954 85991 22013 8710 68238 23460 36227 38811 95051 7064 26497 35452 87211 22900 46674 22026 6341 66122 79637 36686 21668 31970 79714 49505 58609 84580 4931 48000 58569 73124 9860 27411 83184 4713 40209 54544 56885 26733 26757 392 98933 36338 20086 91933 64184 2167 34110 97882 44999 12313 98791 11069 85506 83908 22843 31194 13098 93599 36940 621 48460 26075 47883 33801 84539 58502 30276 6258 27166 89247 50474 56782 30307 83585 70747 21752 60876 61023 69714 22725 83207 3889 85926 43888 30046 67751 45361 10689 92762 8822 74778 36090 67523 48277 26136 73667 57528 85173 58763 3699 34742 95259 38559 58629 98066 59744 33521 54645 42952 76705 7797 37254 60690 73461 47283 4752 26772 3073 87618 54595 93551 40522 26436 39810 73594 2084 90847 25895 6117 41103 49326 63973 54711 10194 36216 87035 
865 360
36263 9900 10633 46326 6753 34925 4923 72680 7210 26686 57526 23387 10177 63613 5266 2233 91612 77576 27800 47824 70596 43422 92735 78661 35999 97845 72348 85755 4270 3123 95358 89839 67620 96752 61374 99422 41362 78313 7764 49135 54782 58949 75026 66208 5858 53150 44641 25846 78140 21719 46839 11003 67934 70551 7571 67327 9661 93819 51861 96793 42914 64857 20182 46040 93815 69537 70769 39037 34957 26378 8984 82887 45116 19177 98783 74398 61715 17041 75553 74573 27637 13386 97547 93294 132 7073 13416 56751 24526 91122 29247 27472 97413 36253 19904 80742 7722 96005 76606 1936 50073 37831 3684 86482 25313 30912 74110 93799 93581 48618 4477 36658 63626 68093 29548 37410 57611 32215 23930 62091 16079 50300 68256 93930 10270 22524 40015 7401 39165 94431 23545 71948 98668 84478 50160 63160 25745 91940 64612 92311 53534 46564 84958 29276 41411 42700 27614 58433 38767 88134 92327 18658 23953 3739 16370 77549 85753 46678 51949 14730 77445 17446 60916 12567 17938 56002 87823 8194 410 91703 90228 57627 47666 3259 90440 87468 23173 12289 79230 45776 55005 55764 44050 75970 29529 16262 19772 3271 68077 47830 2261 80624 99580 72326 6749 44871 95324 64464 38470 34485 42245 10491 56571 67838 26256 46029 65558 96412 35897 34356 44073 5515 31129 47741 19768 51303 20619 9791 20609 62255 52483 18072 866 95282 30930 46351 13341 91132 2885 24065 67551 7146 31276 4666 23497 34886 64636 63337 50201 33843 51754 83103 71980 28585 63470 28043 2633 45153 89893 16177 22979 94689 97648 23423 81220 36098 19006 35920 36290 52881 31150 68472 44378 89829 50974 47957 51173 77559 67889 20114 73032 73762 91347 5042 72179 9748 16673 20851 12428 48479 50556 21214 70637 75762 72818 66255 37870 15843 63235 63369 89001 81988 73799 87141 5691 5799 70754 68730 1911 54748 71696 88237 64696 91346 71860 61882 63236 60745 99911 17125 25659 3773 73697 88565 86588 46109 33897 62846 72213 48511 9992 1422 60962 77699 8098 92165 72677 80528 96272 60733 20622 91386 6151 90317 0 29120 32290 32416 44899 81769 53238 40630 65957 819 95255 44919 23721 4352 51662 29092 15204 41140 20717 24760 24764 94024 8101 62138 51951 67389 
589 290
99351 73050 24998 88561 27971 80723 35334 59396 26726 26432 32802 49481 19296 80118 54540 1387 15850 91453 88748 95370 97254 29578 85610 26858 1713 37701 69083 39478 25797 27235 24555 89727 26708 23896 22259 5394 76965 33557 10096 56682 33335 98320 34843 39026 55646 78182 44497 25650 15494 19602 10155 81904 33851 40989 68290 17210 95602 80544 46283 20960 38491 42150 91183 80367 25761 6892 51955 64925 64602 51561 16872 87732 99804 80585 64380 11910 29561 73655 31707 6292 26814 57674 23286 1338 14108 74655 53690 86609 8825 74794 89270 69134 86215 33453 69332 27504 39151 84320 36834 90273 74038 74384 64698 47544 13529 63813 8568 18283 20362 19501 68456 27896 70814 10561 87414 31254 19512 34555 48958 2178 50838 38593 94334 58847 66436 50217 4200 9004 56431 71584 62736 34344 15795 2697 35471 22426 93577 52883 53031 46694 8441 4358 93034 69490 4745 70761 56973 53303 8365 85332 41428 86756 15197 91130 94360 89288 57667 10643 37076 16394 14602 29101 3372 77942 92377 70208 60728 63004 64304 5096 99599 89920 69578 95374 1309 53823 32912 31850 49895 39716 43914 18364 96546 87774 61183 90200 55101 6004 77698 19097 88805 55435 95646 96078 82038 45364 78587 578 80172 82720 62343 14270 31228 90936 31851 30349 71441 54166 45027 124 6538 70766 16197 94027 28066 33711 37946 65843 63980 90844 33165 4491 94263 12075 57632 7638 79353 45791 96010 6216 16526 34119 65908 38587 15596 4515 19258 59462 20150 91864 77767 72057 30282 73530 74449 73850 1618 50397 89791 89974 54453 2701 872 89292 80916 15254 85554 64590 24836 98009 99435 89393 74098 6872 57454 42854 85081 55928 48928 88932 9934 48376 49224 36469 57366 6743 87931 13271 70614 73123 17184 59406 69280 89384 37967 53797 25273 98729 10290 31946 
933 388
7703 15611 98420 97701 59202 44949 83803 29457 34648 88981 98281 92206 16635 82372 2984 5487 86813 41810 36889 53273 49379 2354 79214 17583 13576 2628 78548 50475 30055 43863 85142 78177 57856 58133 86809 69760 35998 68963 64106 84526 74897 37164 507 45635 44825 24690 35232 49826 74485 16535 14534 1969 13256 25680 89451 81264 88695 71009 55710 25751 16591 79580 53370 79080 56016 36627 44147 20782 96260 77366 30867 89440 87422 33384 23168 21350 28523 17404 13102 91140 51416 9421 52718 27609 80170 76326 21280 61226 5972 43114 54531 31650 9227 82245 34133 95916 66581 80008 86524 3626 65199 64533 99686 29729 18531 97523 298 59870 58978 96250 50247 37159 21803 44776 21412 4148 41394 51917 88258 96248 8349 46392 85413 19972 1732 90185 19965 12995 59706 43459 46561 69144 31426 94490 70134 62003 32659 3864 79065 7503 18915 47240 35983 37009 4437 12904 14189 82377 51900 60954 40650 11514 71054 18035 26087 17923 38909 44128 71809 62704 716 23442 10773 95062 51230 38157 33394 27446 42892 42997 81931 71951 22917 41860 14278 59522 47264 69826 69291 81644 3859 63268 66377 62335 60479 70297 86705 80819 43263 29428 74613 58649 47037 23062 75046 38217 81412 85145 88742 39671 11253 47442 55767 90905 83280 23899 52910 61394 43099 56874 42701 14111 17481 77070 73403 61184 57163 57426 40075 3628 73963 32328 66284 81745 21465 67669 85461 10962 37524 16230 69917 58977 75611 88114 5241 98467 17700 78162 47480 60024 37830 67647 24419 64041 29057 33376 98220 26855 36149 86547 68389 24513 80 96541 27263 56974 92815 44763 48139 11558 21898 74810 28307 96214 74970 70816 29920 8546 10840 13465 69805 67808 67864 51828 3188 79964 65324 3575 19152 53231 70456 73541 99308 16550 22656 93673 68117 47999 56544 58976 95459 4647 70352 86910 8154 51332 46271 88560 91529 53680 24353 85813 55303 4327 53841 3766 12231 30852 53501 80295 63433 5130 30781 32178 942 27167 70292 93215 82977 75141 19971 29486 38810 41884 81056 18786 60008 32727 63199 60559 60889 12037 88867 39170 22811 39520 83715 82716 62058 2523 46918 24888 84557 76378 53703 89631 38595 3792 49227 31911 14204 31664 2684 30652 40635 12148 49029 72697 75439 14133 81842 18420 339 99212 61371 53214 44755 93703 70903 21237 71683 75083 14743 4109 76571 39864 47524 35666 94989 11086 8125 49781 53223 75174 79435 791 76641 21791 
903 322
29857 66008 56152 86647 90595 52736 4682 48021 8115 73672 26703 71306 16192 77051 87305 8590 8640 63215 95381 88957 36948 75081 31066 27043 11181 56592 90508 48933 26035 97384 4557 90171 30029 74249 79540 55297 17739 46538 95742 83824 18040 10888 55191 55415 72014 480 16326 70006 94869 85812 86527 31280 16037 71473 2959 9785 59119 93514 30332 7514 83923 9052 3258 68664 85246 43208 49451 8437 35410 70633 50467 75827 53982 87054 44220 7336 13661 67393 20379 81943 66021 84898 72731 71350 50683 77537 54030 59152 41037 78150 25987 51675 38929 11301 48210 14570 5843 35716 23902 83027 52311 79990 41797 34679 35038 94683 9304 95461 58886 76061 46621 81725 53253 47586 65403 99280 40390 99567 40025 12668 46176 92008 89495 63445 85990 99366 92224 98177 7179 23019 43758 23784 85551 31978 15673 66922 22989 71050 80360 99392 96513 4707 63443 94163 1448 59970 89627 10271 77877 9604 86003 4221 90435 55162 18463 15534 24754 34355 66425 38888 2126 13594 56929 77519 99799 79211 42545 66336 97120 24845 74026 6959 85153 70441 84337 79351 58182 36815 78577 34057 28257 3580 57085 97100 93076 60742 2499 62083 98250 2934 51575 50625 13623 97057 53257 78283 76353 63580 14591 6054 44988 80887 87205 22737 48231 14481 18700 35994 471 96882 28777 75114 56579 48563 47329 77033 68346 75213 29394 47871 48124 4681 98127 1071 60569 40198 6107 28477 26713 98441 35417 22330 88188 32348 33650 76659 39868 24536 16401 89154 67690 81675 7087 4755 77431 83912 68619 77230 20045 55581 98450 12943 94166 30937 28855 2635 49244 52697 34655 14355 14736 40197 26078 24613 16795 34253 15076 54180 21416 51352 59546 85778 50059 75968 97636 8193 91499 70172 31942 93675 12980 15269 5218 2150 1627 73794 58448 66415 43408 3635 88994 40103 34726 14257 14115 30787 10419 34059 97301 30871 45493 82697 30550 95277 77880 56982 75588 69453 13652 78308 26110 48921 54160 17334 29837 53453 35041 619 25156 72468 60794 88119 
639 352
28779 69203 99960 86254 90514 58065 96375 45638 78709 56747 94692 30264 5688 623 81524 19503 14774 11039 28756 16572 4396 91466 70178 89702 10289 99244 84684 85751 59326 4120 64742 65303 11164 59319 80932 51534 45802 43892 33656 96254 5011 53212 52194 80187 77328 78601 43021 56610 81581 6931 29471 22478 31879 92505 50607 50274 4212 40135 83395 36132 46480 47031 92307 99589 23047 99724 58068 59389 9427 63848 42884 59617 80495 58858 37927 66012 98085 41045 48366 15632 10590 92596 74471 19424 90141 50693 34370 60513 63925 54810 60270 7184 21996 55463 97827 66150 8899 24940 9651 9723 89626 47771 82192 53595 28164 27191 60075 21443 58712 66548 10718 23045 89866 96019 93040 90041 58465 25958 78263 73705 30251 97890 41636 64385 97712 48194 53369 88517 810 20475 27921 19964 58947 14459 17616 81243 18023 83590 76277 59900 82486 57234 8099 52143 46525 60280 50306 40126 87671 23525 3106 40247 36622 38074 44279 57711 41512 88322 60715 30414 92904 68384 64294 20421 93636 38718 78919 4434 70173 7228 31391 96619 73294 85786 78620 69451 75656 47568 26171 7536 36219 15273 20993 88806 99907 9203 65543 24627 94277 63695 86932 55264 75751 44511 70225 5786 96281 3940 90609 94095 47745 99081 20479 6041 9298 65710 50450 96562 61778 96850 7425 22810 18939 50902 4466 14176 3204 46065 92362 97603 80235 65629 98468 86723 93918 51962 82500 51841 99986 30363 61143 36710 54992 92295 64762 22971 73687 80909 66633 73989 58281 84071 62581 28305 57405 19936 8983 9114 34757 39207 69552 50189 53436 26838 23853 95831 91124 43353 39617 73412 33708 9277 92296 89432 80522 31406 41109 11081 28530 55223 22039 80551 63238 8969 30555 76844 13497 88744 10837 90038 94078 35245 91850 64272 73528 66365 65493 11477 55760 38502 45730 79543 11052 76946 35352 57151 18489 21785 9787 40709 51201 72353 23950 54698 36650 44875 59563 23140 90125 96066 94628 30174 76645 4329 59783 63891 78328 50846 8970 39211 69981 6658 65776 53630 78004 44358 96758 80634 14421 78569 92501 71624 65485 42089 74053 24970 90760 60425 65933 33398 11356 58592 18477 69703 62956 12815 72209 30444 14152 39912 29897 68576 
517 342
79903 21064 16119 13378 1134 13249 17765 89654 63062 30359 36743 15493 84686 31615 17361 86082 10592 61240 28490 12212 17726 65198 46864 77845 5506 87529 80654 21292 58693 39722 22693 25926 52724 39820 37956 9407 8629 90381 51871 54801 99898 21468 52195 1112 63774 35262 62069 9061 75170 40657 75571 54590 70190 84135 74664 58534 7576 76363 60605 16683 9614 77416 60397 49472 64115 33275 30505 57672 13730 56919 79986 29414 39759 98293 76208 13291 84731 11140 63707 16633 7737 62664 54562 25319 7508 86763 94021 47182 72703 32806 23933 96179 89252 39161 17930 87118 41240 2850 81391 95768 91843 31182 93941 70922 71446 46988 37873 98606 27470 82262 96671 9895 6633 55846 21928 9097 2705 34732 20936 90615 76369 47697 44867 92614 97847 63198 60839 10470 34283 76031 97798 27322 8133 21666 29108 13812 86563 72499 67654 22612 48262 78692 93385 24935 89577 970 86156 93359 35008 9541 39411 83523 5812 38787 13067 1963 2359 45691 94309 10394 21950 23240 20187 43796 82782 20577 77007 12607 27397 95308 35518 50092 11155 1654 44699 59091 18338 31813 1004 51484 44596 95813 64319 64502 30001 48501 71051 72540 202 57053 55312 93538 55769 60227 97220 26635 79938 28817 2417 5849 18253 77025 16133 64737 77223 29399 58185 93730 25972 44758 34647 60322 58361 13492 80251 53339 12432 52240 36643 30724 19489 10406 9464 78240 44471 64081 98799 96952 40246 42658 82199 99782 85301 73097 89733 60515 6278 11819 14894 63491 56523 99609 81976 4778 70334 7973 40090 67857 45362 88381 64868 33724 28755 30810 95356 40165 60128 37470 72296 71607 56338 40317 56088 49250 49327 26595 32157 17359 53402 72790 82378 94884 77867 32081 1796 22334 55102 9675 14925 25374 9572 41646 98089 96230 51449 93463 3387 37723 21683 89638 40876 28758 59682 80439 17493 87165 16513 57150 8336 33989 37627 80114 34143 92702 89045 19576 74393 87010 4834 75259 74383 18947 1633 22404 84002 24165 91801 77634 62292 39102 31161 24118 52297 90 7277 81504 17307 40452 60028 57305 73107 60660 86503 92828 35042 63450 45527 91728 70370 43805 83223 10035 
952 356
45257 20834 67080 99864 31021 52540 20324 55663 65232 80613 16087 85057 92713 40724 4021 24656 51486 51565 2426 38372 38562 77542 35942 8022 96224 77252 54772 93085 29812 96444 57751 75847 95583 85197 52577 49870 70126 11990 4916 79847 23548 15871 57635 74158 2974 87169 72024 29513 17244 56447 65031 76306 79400 50821 89078 45731 46856 37101 83249 96728 35586 89206 3370 86386 28104 39418 31347 84608 61200 5089 31870 4142 21813 8553 42504 88643 62294 57540 89017 96215 52344 25058 88474 61895 20130 94055 60351 57978 42667 37697 90400 8083 65081 95841 45009 59853 91798 80570 28500 24744 2537 75311 96862 78509 91371 62322 63693 81648 22290 93996 88410 90665 54534 15868 51733 8813 66566 66586 77128 61829 91763 32704 49338 40238 90656 57063 91967 6613 11160 50143 17720 90556 19450 89395 67051 76307 48886 85800 13321 56843 79524 41993 16189 91975 1080 32261 38772 96237 51524 30534 12847 14086 32577 4971 79155 14820 45572 41632 74563 22369 77695 24740 75696 15463 90223 63602 12629 64401 45002 96239 96620 3946 277 63790 60811 11795 11072 85189 12486 32359 62232 95132 95494 67449 52169 89248 67950 50444 75659 96269 69699 81159 99076 95026 14329 10538 19488 74191 64107 42133 62862 10076 49304 85182 56269 25154 1391 85598 52316 44218 73980 84262 25326 61334 89401 16765 79639 22968 99337 23701 12476 63886 15968 74826 94322 75186 29261 94100 83225 40568 87440 48552 55887 20982 75483 41760 8046 75305 92758 45799 89978 86764 67340 20313 22175 7527 82518 33245 60330 7159 83086 69029 18883 82483 71507 41936 49361 98517 7727 44669 73810 12384 70795 5605 32234 33442 87840 91166 63654 90506 62345 98576 60969 1700 4818 18224 2733 62632 3415 97990 95884 83895 40240 97893 93833 27429 76940 68981 10794 29061 45663 37580 13157 6063 47361 57682 86443 75579 59816 19041 4974 88428 95691 50745 37826 17518 24720 58688 37310 35566 13110 76623 43158 26940 50046 6853 84943 42574 50857 32796 84047 11182 82224 2427 10763 92948 48153 96478 30076 29269 37941 62527 35197 12878 18838 94219 76518 27763 89616 88623 65272 80926 5637 41775 70661 46095 86395 47983 75012 12762 66099 86804 65794 5689 41259 75617 
137 152
3294 76347 20784 61793 95775 31577 37969 11209 16582 43538 46006 53555 83254 51889 54974 5412 49059 78342 74280 89764 21378 78994 32956 42964 79318 72339 8234 82593 43470 59537 64102 88480 69166 65391 88962 973 43637 22226 26326 6963 10558 47351 98504 48986 33636 72779 93246 95334 85155 54864 47899 21052 19174 56728 92636 80127 2654 32470 8523 99142 25688 61073 50877 9141 89119 34336 18730 76431 40740 11083 51147 88319 52735 16233 59198 41603 26163 30443 82180 50341 23577 61423 21329 69376 77332 5109 37663 61631 58478 25318 21508 76146 60147 51602 58860 40841 33695 55368 71958 24814 19420 87139 43736 53013 59740 67941 75482 12393 14857 34906 32505 56515 39742 47312 2825 93977 10068 87318 93718 5771 88842 29245 693 23404 81900 32977 80109 30028 62615 33064 36681 56540 75052 76221 64408 70634 57456 7855 7447 31679 83267 66195 66692 15324 37869 65517 73540 47732 89490 77501 87011 33777 
694 46
59218 1667 689 8937 80261 41379 69096 36974 85420 19082 78629 5137 68751 2536 65213 72337 25652 60648 29482 47612 867 10287 59813 28699 28722 10626 53644 85790 60855 84430 23426 92372 14242 1824 62636 7074 77497 54976 40799 6904 81723 10557 21931 91733 13831 14723 
715 330
49200 98414 8722 64564 42480 95311 9473 33559 60619 32407 94081 10793 31590 62384 26317 44997 71906 39314 55834 22316 34670 67548 76954 72864 11675 60881 27475 40793 57894 62125 72776 94284 52681 31346 35663 78721 29888 59042 11997 49202 79930 39262 17713 1482 60960 20242 83966 53923 60282 95589 18286 71671 65955 21286 42084 20035 58962 32342 79487 37727 19416 30168 51582 2074 41471 66295 25427 34225 2257 79696 16734 56732 96253 51726 13076 37959 9597 81348 71995 39767 3316 98014 18706 41291 91475 24276 48923 57178 33960 73145 2216 6583 90971 28169 87852 28380 46895 45137 73924 50998 59607 51873 29677 30134 69429 55637 98694 4790 43722 75946 84482 77412 20754 16810 69043 54117 68675 11360 34573 75602 86244 83783 76393 26492 55964 75692 74090 31142 54005 7203 50280 77787 83312 89186 96321 4414 25935 86083 60394 95767 61154 54173 1166 3295 89888 47570 51771 21858 28887 6618 82141 47498 37630 37868 47667 61462 39357 33222 4895 99495 87696 81595 67928 25648 89208 59220 35226 4511 36419 15977 12644 92836 23747 18347 83275 83998 8688 60627 25912 64978 53101 44964 10196 11508 54570 54673 43122 39514 85174 3688 47545 95514 32497 88611 16931 53994 50567 10748 17625 9460 79592 63629 33002 77078 53761 19369 41166 2518 52237 50763 75286 12151 35095 80349 55889 66217 62129 46990 11129 46245 25769 59030 61577 56812 96203 69468 3421 21991 16601 71455 49020 31782 72962 1507 87760 84268 61080 39241 3079 5373 22554 68080 35909 3397 8382 52202 95385 79015 79710 57768 6687 99074 19847 39111 83594 43532 31706 48285 15623 45954 8184 96313 91149 33826 42900 35639 52772 71652 2066 14967 39879 52167 28031 28726 2138 19567 47151 49696 61609 27950 95719 33028 72445 31920 94256 71871 31132 33343 88671 80692 78849 89091 52150 93113 17473 95386 50538 71558 94788 93515 67509 77923 69786 55685 29292 54362 66803 52790 97861 79971 40141 11845 14638 50432 38335 15503 58907 26229 8199 53382 25145 64804 24448 35240 31245 99176 55263 80641 41856 27040 
288 66
82267 17043 68672 85431 36476 24862 5714 67392 77998 88137 27030 51923 53609 46097 31110 64667 97461 77011 48768 71771 84146 45839 96574 29042 74199 56549 56602 5913 94198 2373 30983 10565 35279 24126 53921 25417 54246 15991 55568 35216 7676 75887 80014 79584 10234 45501 84567 889 54393 18297 22709 62127 37884 68505 21435 19474 74054 39990 60628 31999 65500 47095 4861 94889 37856 81991 
179 190
66296 5153 75160 37011 89298 73780 37570 55259 17852 47690 67586 34027 91793 59405 61072 34951 86818 84315 6492 5564 18872 3981 27816 13501 8784 56806 29241 16352 91336 45449 27304 68466 46085 65574 98893 37591 23567 53605 23413 3102 75837 47227 61000 75559 26599 12479 92475 84381 40537 67122 61344 67916 5438 64140 59219 29304 95204 83063 33941 55831 32110 33097 16342 76113 49178 46654 45591 28336 10009 15450 51615 28513 18507 87449 76944 41737 76661 71755 98400 37790 75711 37493 45645 65580 7261 82951 46570 9295 64039 36533 71716 73082 61407 63095 80709 95205 50795 93958 38908 12383 72819 60469 56957 86175 14809 49691 86942 15437 34913 44675 1724 57044 859 35988 67791 99537 76267 74748 69707 74030 31623 55381 2707 10934 21588 1179 74303 43048 25723 31252 43597 24707 43191 9359 82608 9487 5638 54644 83608 9366 19214 9347 27131 73785 9349 35029 43229 61981 15984 30418 38255 25030 3809 31445 18195 66565 87294 5603 96969 3026 34597 46936 27965 35738 13495 39197 13683 99131 37153 48734 73739 2248 60006 29629 66670 7018 82656 45286 81114 78205 47931 88297 26995 92556 96053 68671 52497 38169 21809 80453 
665 230
84387 33269 42416 3662 89995 34982 19335 81833 10158 90287 14847 20428 95379 95458 83818 67579 48198 89312 50732 90907 66290 41840 67552 87970 78831 9986 36623 88013 2172 74882 29525 67573 41607 30870 62179 91980 67574 70425 1531 20201 78771 53540 86102 1752 11887 37569 93955 93379 17660 78504 27840 41422 86785 96691 84435 5866 59677 48725 84852 78836 49346 13840 76993 86399 63936 97115 25213 56230 10341 55551 38557 96213 65650 69211 44797 71429 78761 74741 61543 23137 52985 50195 28763 12406 94695 21394 11476 6165 25916 81234 12139 76424 41346 17147 67734 62284 71553 14220 28244 46762 74463 14639 38273 53106 47048 23544 86259 29678 26775 35100 94547 54067 76053 20246 69726 71109 9764 57068 93934 94582 19112 12336 76857 19549 60595 10238 32830 12362 25197 54900 1997 50579 63725 30048 78323 66213 62731 97678 2073 76181 66549 90233 95171 47450 17339 6256 94419 50788 57220 77911 69087 35523 88192 69884 51531 4641 28614 87032 21961 9485 14311 44192 74985 92661 92731 97891 28304 33913 32224 32017 59287 20723 23958 47647 8752 4754 14466 48913 21340 82907 91287 81427 15288 30860 63694 10709 71743 41182 50488 90825 86069 10943 75690 54203 71347 44953 38090 53849 22340 54465 41671 5889 34868 19213 78135 16847 24557 12793 94837 98259 68919 73574 26193 71288 24505 39204 72066 74165 71157 21582 52341 80584 46196 9763 27206 75512 88057 10402 91913 75543 
100 358
48005 32338 22726 65341 17367 12525 39290 92602 76271 91112 23968 85770 65616 98776 94985 93333 26199 45313 45945 89200 19783 40500 54986 98180 22438 82351 8738 48031 1029 79208 15755 65627 85833 51855 50500 81291 27299 38555 45335 85494 2883 76671 5145 7337 77108 42494 50895 84373 56467 51205 65713 43785 86921 78832 94750 94818 34569 59229 55356 12696 40063 91896 51647 70206 23233 62821 85668 10910 20039 71818 75220 7718 39013 12540 95004 42659 66810 82155 57975 29473 84825 23392 65040 94068 103 86329 47910 13193 40263 98105 34812 27164 62572 35137 4568 78723 40848 92447 1208 93837 94040 26756 8471 80735 35978 47069 74605 5860 40552 24477 10232 84662 35065 84595 13855 61167 53082 61446 41086 42078 29827 58610 75033 32219 96655 47515 80831 7244 7434 71944 73763 96413 37307 81605 28963 12738 23198 17331 10713 41660 68471 11831 61228 73941 61948 46282 82457 52835 67652 54295 23604 5357 13639 73324 73561 57270 65524 91673 37490 91505 53175 32918 88600 75399 8576 23345 23440 15655 90672 55916 25566 38083 48640 22209 92940 7266 18704 71038 46485 57776 44915 22976 60274 90563 84515 36099 42463 30691 2954 12513 57597 27188 30571 39195 3451 41992 79761 96571 53247 4264 65792 13295 46269 34004 88292 55638 17435 89477 28119 20151 94137 74055 51614 35943 10027 8228 83261 48469 63282 24478 98703 88825 76663 28191 90890 72807 34426 85635 75850 57852 83927 32622 57373 278 37389 97139 22502 31109 1832 14388 92365 41486 54609 92186 72219 70223 92884 41889 81262 73252 16160 28643 18722 88601 65306 20291 61960 31997 51523 82992 25082 92989 44158 50484 70116 54629 13743 52812 45090 13826 43869 33736 5242 3795 48440 34343 65384 76014 48540 18066 4186 75948 8577 28767 70232 68372 19482 19962 55016 68592 29856 61681 7539 93566 27066 5219 90336 88117 70732 83088 24003 93997 12311 42418 36780 92309 47679 37799 85759 94141 84677 79233 57375 39030 84808 37577 15870 96349 86210 50805 59171 63530 35510 84672 11562 58022 43711 14024 79911 27367 62944 20145 29648 48123 89105 31988 84377 54399 75541 10586 53793 1858 38886 52908 38680 1909 4408 29285 70345 54731 55086 39699 42470 67133 84558 62217 82463 78568 
898 94
2410 50023 14304 67773 60212 32858 62578 35844 71375 18377 73689 9819 94976 46879 92449 42275 6115 88139 60843 90620 45671 29534 79890 82212 19767 99961 70649 99838 94181 49758 88990 5195 97398 56295 74940 83270 78336 45603 8010 94485 93250 81070 12756 4599 63649 57998 94327 769 67342 8369 12594 14799 23075 9850 90551 17355 10661 53018 19483 72390 79960 90657 18812 27116 24750 4310 37337 13610 64818 53990 16403 52496 42154 29953 86465 5961 65914 84215 27245 69950 43370 11404 16078 33893 60158 98190 80562 55401 3726 5938 29189 24452 76133 18789 
